13-87870,http://tshop.r10s.jp/guy0084/cabinet/off-img/slacks/mls60013-k_m.jpg?fitin=700:700,6320.0000,,メンズファッション > ズボン・パンツ,【春夏物】Agis M＆R【エィジス エムアンドアール】ローライズノータックスラックス【ネイビーストライプ】【お取り寄せ】【4s9w】【楽天ランキング】【父の日】【2015/6/11】,【春夏物】【送料無料】,"<!--QRコード-->
<center>
<table width=""355"" border=""0"" cellspacing=""0"" cellpadding=""0"">
<tr>
    <td colspan=""2"" align=""center""><font size=""2"" color=""#800000""><!-- 携帯ポイント企画 --></font><br>
<img src=""http://image.rakuten.co.jp/guy0084/cabinet/parts/souryou_bn01.gif"" alt=""送料のご案内"" width=""410"" height=""80"" border=""0""><br><font size=""2"">発送からのお届け予定日時間帯</font></td>
    </tr>
  <tr>
    <td align=""center""><img src=""http://image.rakuten.co.jp/guy0084/cabinet/parts/mobile-cart.gif"" alt=""携帯から注文する"" width=""215"" height=""100"" border=""0"" /></td>
    <td align=""center""><img src=""http://image.rakuten.co.jp/guy0084/cabinet/qr-code-001/mls60013-k.jpg"" alt=""携帯へアクセス"" width=""111"" height=""111"" border=""0""></td>
  </tr>
  </table>
</center>
<!--QRコードend-->
<!--ギフトアイコン-->
<center>
<table border=""0"" cellspacing=""0"" cellpadding=""2"">
<tr>
<td valign=""middle"" nowrap><font size=""-1"">ギフト対応<br>
  詳しくはコチラ</font></td>
<td valign=""baseline"">
<img src=""http://image.rakuten.co.jp/guy0084/cabinet/parts/icon_wrapping.gif"" alt=""ラッピング対応"" width=""100"" height=""21"" hspace=""1"">
<img src=""http://image.rakuten.co.jp/guy0084/cabinet/parts/icon_noshi.gif"" alt=""のし対応"" width=""100"" height=""21"" hspace=""1"">
<img src=""http://image.rakuten.co.jp/guy0084/cabinet/parts/icon_noshi_kimei.gif"" alt=""のし記名可"" width=""100"" height=""21"" hspace=""1""></td>
</tr>
</table>
<br><img src=""http://www.rakuten.ne.jp/gold/guy0084/parts/space.gif"" width=""1"" height=""10"" alt="""" /><br>
</center>
<!--ギフトアイコンend-->
<center><!--イベント用-->
<img src=""http://www.rakuten.ne.jp/gold/guy0084/parts/space.gif"" width=""1"" height=""5"" alt=""""><br>

<table  width=""355"" border=""3"" bordercolor=""#1F0B09"" frame=""box"">
  <tr>
    <td width=""30%""  align=""center"" valign=""middle"" style=""border: 1px solid black;""><font size=""2"">ブランド</font></td>
    <td style=""border: 1px solid black;"" width=""70%""><font size=""2"">Agis M&R【エィジス エムアンドアール】</font></td>
  </tr>
  <tr>
    <td width=""30%"" height=""8"" align=""center"" style=""border: 1px solid black;""><font size=""2"">サイズ</font></td>
    <td style=""border: 1px solid black;"" width=""70%""><font size=""2"">73(76)、76(79)、79(82)、82(85)、85(88)、88(91)、91(94)</font></td>
  </tr>
  <tr>
    <td width=""30%"" align=""center"" valign=""middle"" style=""border: 1px solid black;""><font size=""2"">素材</font></td>
    <td style=""border: 1px solid black;"" width=""70%""><font size=""2"">毛：50％、ポリエステル：50％</font></td>
  </tr>
  <tr>
    <td width=""30%"" align=""center"" valign=""middle"" style=""border: 1px solid black;""><font size=""2"">カラー</font></td>
    <td style=""border: 1px solid black;"" width=""70%""><font size=""2"">ネイビーストライプ</font></td>
  </tr>
  <tr>
    <td width=""30%"" align=""center"" valign=""middle"" style=""border: 1px solid black;""><font size=""2"">スタイル</font></td>
    <td style=""border: 1px solid black;"" width=""70%""><font size=""2"">ジャケット（ブレザー）、ブルゾン（ジャンバー）<br>ワイシャツ、カッターシャツ、ドレスシャツ<br>ポロシャツ、ビジネススタイル<br>スーツスタイル、オフィススタイル<br>パーティ、婚活、２次会</font></td>
  </tr>
  <tr>
    <td width=""30%"" align=""center"" valign=""middle"" style=""border: 1px solid black;""><font size=""2"">洗濯表示</font></td>
    <td width=""70%"" valign=""middle"" style=""border: 1px solid black;"">
<img src=""http://image.rakuten.co.jp/guy0084/cabinet/parts/laundry05.gif"" width=""43"" height=""43"" />
<img src=""http://image.rakuten.co.jp/guy0084/cabinet/parts/laundry02.gif"" width=""43"" height=""43"" />
<img src=""http://image.rakuten.co.jp/guy0084/cabinet/parts/laundry03.gif"" width=""43"" height=""43"" />
<img src=""http://image.rakuten.co.jp/guy0084/cabinet/parts/laundry06.gif"" width=""43"" height=""43"" />
<img src=""http://image.rakuten.co.jp/guy0084/cabinet/parts/laundry01.gif"" width=""43"" height=""43"" />
<img src=""http://image.rakuten.co.jp/guy0084/cabinet/parts/laundry10.gif"" width=""43"" height=""43"" />
<font size=""2""><br>タンブラー乾燥は避けてください<br>漂白剤は使用しないでください</font>
</td>
  </tr>
  <tr>
    <td colspan=""2"" bgcolor=""#ede4cd"" style=""border: 1px solid black;"" height=""8""><font size=""2"">【Key Word】</font></td>
  </tr>
  <tr>
    <td style=""border: 1px solid black;"" colspan=""2""><font size=""2"">MEN'S（メンズ）、ノータック、ローライズ、<br>ビジネス、会合、婚活、寄り合い、旅行<br>ひざ当て付、COOL BIZ（クールビズ）</font></td>
  </tr>
  <tr>
    <td colspan=""2"" bgcolor=""#ede4cd"" style=""border: 1px solid black;"" height=""8""><font size=""2"">ギフト包装、プレゼント包装、のし対応</font></td>
  </tr>
  <tr>
    <td style=""border: 1px solid black;"" colspan=""2""><font size=""2"">お誕生日、昇進祝い、内祝い、バレンタインデー、クリスマス<br>入学祝い、卒業祝い、就職祝い、成人式<br>父の日、敬老の日 等　各種承っております。</font></td>
  </tr>
  <tr>
    <td colspan=""2"" bgcolor=""#000000"" style=""border: 1px solid black;"" height=""8""><font size=""2"" color=""white"">必ずお読みください</font></td>
  </tr>
  <tr>
    <td style=""border: 1px solid black;"" colspan=""2""><font size=""2"">ご使用のモニターによって、商品画像の色が<br>
            異なって見えることがあります。<br>
            あらかじめ、ご了承頂きますよう、お願い申し上げます。<br>
            ご購入の際は、表記カラーをご確認の上<br>
            お買い求めください。<br><br>実店舗での販売も行っている為、<br>ご注文頂いたタイミングによって在庫が無い場合もございます。<br>その際は、メール等でご連絡させて頂きます。<br>ご了承くださいませ。<br><br>
    商品についての詳細はメールor直接店舗の方に<br>お電話下さい。</font></td>
  </tr>
  <tr>
    <td style=""border: 1px solid black;"" colspan=""2""><font size=""2"">ご購入前にサイズ表を必ずご確認ください。<br />
      サイズ表はコチラ</font><br><font size=""-2"">Copyright(C) メンズショップ ガイ All rights reserved.</font></td>
  </tr>
<tr><td style=""border: 1px solid black;"" colspan=""2"" align=""right""><font size=""2"">2015/6/11【入荷】</font></td></tr>
</table>
<!-- エビデンス -->
 <p><font size=""2"">メーカー希望小売価格はメーカー商品タグに基づいて掲載しています。</font><br />
 <img src=""http://image.rakuten.co.jp/guy0084/cabinet/evidence/evidence_mls60013-k.jpg"" alt=""メーカー希望小売価格"" width=""300"" height=""300"" border=""0""> </p>
</center><div align=""center"">

<div align=""center"">
     <img src=""https://image.rakuten.co.jp/guy0084/cabinet/campaign/0506_mara_1000.gif"" alt=""1000円クーポンプレゼント"" width=""616"" height=""120"" border=""0""><br><br>
<img src=""https://image.rakuten.co.jp/guy0084/cabinet/campaign/0506_mara_500.gif"" alt=""500円クーポンプレゼント"" width=""616"" height=""120"" border=""0""><br><br>
<img src=""https://image.rakuten.co.jp/guy0084/cabinet/campaign/0506_mara_300.gif"" alt=""300円クーポンプレゼント"" width=""616"" height=""120"" border=""0""><br><br>
<img src=""https://image.rakuten.co.jp/guy0084/cabinet/campaign/0519_social_cupon.jpg"" alt=""200円クーポンプレゼント"" width=""616"" height=""120"" border=""0""><br><br>
</div>
<p>
<img src=""http://image.rakuten.co.jp/guy0084/cabinet/campaign/cool-sp2016_01-n.jpg"" alt=""クール仕立て"" width=""616"" height=""120"" border=""0"">
</p>
<img src=""http://image.rakuten.co.jp/guy0084/cabinet/parts/welcome-600.gif"" alt=""ご来店ありがとうございます"" width=""600"" height=""30"" border=""0"">
<br><img src=""http://www.rakuten.ne.jp/gold/guy0084/parts/space.gif"" width=""5"" height=""5"" alt=""""><br>
<!--GoQSystemランキング自動更新ツールワイド-->
<table align=""center"" width=""600"" border=""0"" cellpadding=""0"" cellspacing=""0"" bgcolor=""#FFFFFF"">
<tr>
<td>
<table align=""center"" width=""600"" border=""0"" cellpadding=""0"" cellspacing=""0"" bgcolor=""#FFFFFF"">
<tr>
<td align=""center"" valign=""bottom"" bgcolor=""#cccccc""><img src=""http://www.rakuten.ne.jp/gold/guy0084/goqsystem/600rankingtitel.gif"" width=""600"" /></td>
</tr>
</table>
<table align=""center"" width=""596"" border=""0"" cellpadding=""0"" cellspacing=""0"" bgcolor=""#CCCCCC"" style=""border-left:solid;border-left-width:1px;border-right:solid;border-right-width:1px;border-bottom:solid;border-bottom-width:1px;border-color:#CCCCCC;"">
<tr>
<td align=""center"" bgcolor=""#FFFFFF"">
<div class=""ifrm-container"" style=""width:598px;height:460px;overflow:auto;-webkit-overflow-scrolling:touch;"">

</div>
</td>
</tr>
<tr>
<td align=""right"" bgcolor=""#FFFFFF"" style=""padding:2px;"">
<img src=""http://www.rakuten.ne.jp/gold/guy0084/goqsystem/powered_by_banner.gif"" width=""125"" />
</td>
</tr>
</table>
</td>
</tr>
</table>
<!--GoQSystemランキング自動更新ツールワイド-->
</div>",【春夏物】Agis M＆R【エィジス エムアンドアール】ローライズノータックスラックス【ネイビーストライプ】【お取り寄せ】【4s9w】【楽天ランキング】【父の日】【2015/6/11】：オーダースーツ ＧＵＹ0084,オーダースーツオーダーシャツドレスシャツレディースオーダーシャツ【春夏物】Agis M＆R【エィジス エムアンドアール】ローライズノータックスラックス【ネイビーストライプ】【お取り寄せ】【4s9w】【楽天ランキング】【父の日】【2015/6/11】,【春夏物】【送料無料】。【春夏物】Agis M＆R【エィジス エムアンドアール】ローライズノータックスラックス【ネイビーストライプ】【お取り寄せ】【4s9w】【楽天ランキング】【父の日】【2015/6/11】[rn]
13-87871,http://tshop.r10s.jp/guy0084/cabinet/off-img/slacks/mls30513-a_m.jpg?fitin=700:700,6320.0000,,メンズファッション > ズボン・パンツ,【春夏物】Agis M,【春夏物】【送料無料】,"<!--QRコード-->
<center>
<table width=""355"" border=""0"" cellspacing=""0"" cellpadding=""0"">
<tr>
    <td colspan=""2"" align=""center""><font size=""2"" color=""#800000""><!-- 携帯ポイント企画 --></font><br>
<img src=""http://image.rakuten.co.jp/guy0084/cabinet/parts/souryou_bn01.gif"" alt=""送料のご案内"" width=""410"" height=""80"" border=""0""><br><font size=""2"">発送からのお届け予定日時間帯</font></td>
    </tr>
  <tr>
    <td align=""center""><img src=""http://image.rakuten.co.jp/guy0084/cabinet/parts/mobile-cart.gif"" alt=""携帯から注文する"" width=""215"" height=""100"" border=""0"" /></td>
    <td align=""center""><img src=""http://image.rakuten.co.jp/guy0084/cabinet/qr-code-001/mls30513-a.jpg"" alt=""携帯へアクセス"" width=""111"" height=""111"" border=""0""></td>
  </tr>
  </table>
</center>
<!--QRコードend-->
<!--ギフトアイコン-->
<center>
<table border=""0"" cellspacing=""0"" cellpadding=""2"">
<tr>
<td valign=""middle"" nowrap><font size=""-1"">ギフト対応<br>
  詳しくはコチラ</font></td>
<td valign=""baseline"">
<img src=""http://image.rakuten.co.jp/guy0084/cabinet/parts/icon_wrapping.gif"" alt=""ラッピング対応"" width=""100"" height=""21"" hspace=""1"">
<img src=""http://image.rakuten.co.jp/guy0084/cabinet/parts/icon_noshi.gif"" alt=""のし対応"" width=""100"" height=""21"" hspace=""1"">
<img src=""http://image.rakuten.co.jp/guy0084/cabinet/parts/icon_noshi_kimei.gif"" alt=""のし記名可"" width=""100"" height=""21"" hspace=""1""></td>
</tr>
</table>
<br><img src=""http://www.rakuten.ne.jp/gold/guy0084/parts/space.gif"" width=""1"" height=""10"" alt="""" /><br>
</center>
<!--ギフトアイコンend-->
<center><!--イベント用-->
<img src=""http://www.rakuten.ne.jp/gold/guy0084/parts/space.gif"" width=""1"" height=""5"" alt=""""><br>

<table  width=""355"" border=""3"" bordercolor=""#1F0B09"" frame=""box"">
  <tr>
    <td width=""30%""  align=""center"" valign=""middle"" style=""border: 1px solid black;""><font size=""2"">ブランド</font></td>
    <td style=""border: 1px solid black;"" width=""70%""><font size=""2"">Agis M&R【エィジス エムアンドアール】</font></td>
  </tr>
  <tr>
    <td width=""30%"" height=""8"" align=""center"" style=""border: 1px solid black;""><font size=""2"">サイズ</font></td>
    <td style=""border: 1px solid black;"" width=""70%""><font size=""2"">73(76)、76(79)、79(82)、82(85)、85(88)、88(91)、91(94)</font></td>
  </tr>
  <tr>
    <td width=""30%"" align=""center"" valign=""middle"" style=""border: 1px solid black;""><font size=""2"">素材</font></td>
    <td style=""border: 1px solid black;"" width=""70%""><font size=""2"">毛：50％、ポリエステル：50％</font></td>
  </tr>
  <tr>
    <td width=""30%"" align=""center"" valign=""middle"" style=""border: 1px solid black;""><font size=""2"">カラー</font></td>
    <td style=""border: 1px solid black;"" width=""70%""><font size=""2"">ネイビーストライプ</font></td>
  </tr>
  <tr>
    <td width=""30%"" align=""center"" valign=""middle"" style=""border: 1px solid black;""><font size=""2"">スタイル</font></td>
    <td style=""border: 1px solid black;"" width=""70%""><font size=""2"">ジャケット（ブレザー）、ブルゾン（ジャンバー）<br>ワイシャツ、カッターシャツ、ドレスシャツ<br>ポロシャツ、ビジネススタイル<br>スーツスタイル、オフィススタイル<br>パーティ、婚活、２次会</font></td>
  </tr>
  <tr>
    <td width=""30%"" align=""center"" valign=""middle"" style=""border: 1px solid black;""><font size=""2"">洗濯表示</font></td>
    <td width=""70%"" valign=""middle"" style=""border: 1px solid black;"">
<img src=""http://image.rakuten.co.jp/guy0084/cabinet/parts/laundry05.gif"" width=""43"" height=""43"" />
<img src=""http://image.rakuten.co.jp/guy0084/cabinet/parts/laundry02.gif"" width=""43"" height=""43"" />
<img src=""http://image.rakuten.co.jp/guy0084/cabinet/parts/laundry03.gif"" width=""43"" height=""43"" />
<img src=""http://image.rakuten.co.jp/guy0084/cabinet/parts/laundry06.gif"" width=""43"" height=""43"" />
<img src=""http://image.rakuten.co.jp/guy0084/cabinet/parts/laundry01.gif"" width=""43"" height=""43"" />
<img src=""http://image.rakuten.co.jp/guy0084/cabinet/parts/laundry10.gif"" width=""43"" height=""43"" />
<font size=""2""><br>タンブラー乾燥は避けてください<br>漂白剤は使用しないでください</font>
</td>
  </tr>
  <tr>
    <td colspan=""2"" bgcolor=""#ede4cd"" style=""border: 1px solid black;"" height=""8""><font size=""2"">【Key Word】</font></td>
  </tr>
  <tr>
    <td style=""border: 1px solid black;"" colspan=""2""><font size=""2"">MEN'S（メンズ）、ノータック、ローライズ、<br>ビジネス、会合、婚活、寄り合い、旅行<br>ひざ当て付、COOL BIZ（クールビズ）</font></td>
  </tr>
  <tr>
    <td colspan=""2"" bgcolor=""#ede4cd"" style=""border: 1px solid black;"" height=""8""><font size=""2"">ギフト包装、プレゼント包装、のし対応</font></td>
  </tr>
  <tr>
    <td style=""border: 1px solid black;"" colspan=""2""><font size=""2"">お誕生日、昇進祝い、内祝い、バレンタインデー、クリスマス<br>入学祝い、卒業祝い、就職祝い、成人式<br>父の日、敬老の日 等　各種承っております。</font></td>
  </tr>
  <tr>
    <td colspan=""2"" bgcolor=""#000000"" style=""border: 1px solid black;"" height=""8""><font size=""2"" color=""white"">必ずお読みください</font></td>
  </tr>
  <tr>
    <td style=""border: 1px solid black;"" colspan=""2""><font size=""2"">ご使用のモニターによって、商品画像の色が<br>
            異なって見えることがあります。<br>
            あらかじめ、ご了承頂きますよう、お願い申し上げます。<br>
            ご購入の際は、表記カラーをご確認の上<br>
            お買い求めください。<br><br>実店舗での販売も行っている為、<br>ご注文頂いたタイミングによって在庫が無い場合もございます。<br>その際は、メール等でご連絡させて頂きます。<br>ご了承くださいませ。<br><br>
    商品についての詳細はメールor直接店舗の方に<br>お電話下さい。</font></td>
  </tr>
  <tr>
    <td style=""border: 1px solid black;"" colspan=""2""><font size=""2"">ご購入前にサイズ表を必ずご確認ください。<br />
      サイズ表はコチラ</font><br><font size=""-2"">Copyright(C) メンズショップ ガイ All rights reserved.</font></td>
  </tr>
<tr><td style=""border: 1px solid black;"" colspan=""2"" align=""right""><font size=""2"">2015/6/11【入荷】</font></td></tr>
</table>
<!-- エビデンス -->
 <p><font size=""2"">メーカー希望小売価格はメーカー商品タグに基づいて掲載しています。</font><br />
 <img src=""http://image.rakuten.co.jp/guy0084/cabinet/evidence/evidence_mls30513-a.jpg"" alt=""メーカー希望小売価格"" width=""300"" height=""300"" border=""0""> </p>
</center><div align=""center"">

<div align=""center"">
     <img src=""https://image.rakuten.co.jp/guy0084/cabinet/campaign/0506_mara_1000.gif"" alt=""1000円クーポンプレゼント"" width=""616"" height=""120"" border=""0""><br><br>
<img src=""https://image.rakuten.co.jp/guy0084/cabinet/campaign/0506_mara_500.gif"" alt=""500円クーポンプレゼント"" width=""616"" height=""120"" border=""0""><br><br>
<img src=""https://image.rakuten.co.jp/guy0084/cabinet/campaign/0506_mara_300.gif"" alt=""300円クーポンプレゼント"" width=""616"" height=""120"" border=""0""><br><br>
<img src=""https://image.rakuten.co.jp/guy0084/cabinet/campaign/0519_social_cupon.jpg"" alt=""200円クーポンプレゼント"" width=""616"" height=""120"" border=""0""><br><br>
</div>
<p>
<img src=""http://image.rakuten.co.jp/guy0084/cabinet/campaign/cool-sp2016_01-n.jpg"" alt=""クール仕立て"" width=""616"" height=""120"" border=""0"">
</p>
<img src=""http://image.rakuten.co.jp/guy0084/cabinet/parts/welcome-600.gif"" alt=""ご来店ありがとうございます"" width=""600"" height=""30"" border=""0"">
<br><img src=""http://www.rakuten.ne.jp/gold/guy0084/parts/space.gif"" width=""5"" height=""5"" alt=""""><br>
<!--GoQSystemランキング自動更新ツールワイド-->
<table align=""center"" width=""600"" border=""0"" cellpadding=""0"" cellspacing=""0"" bgcolor=""#FFFFFF"">
<tr>
<td>
<table align=""center"" width=""600"" border=""0"" cellpadding=""0"" cellspacing=""0"" bgcolor=""#FFFFFF"">
<tr>
<td align=""center"" valign=""bottom"" bgcolor=""#cccccc""><img src=""http://www.rakuten.ne.jp/gold/guy0084/goqsystem/600rankingtitel.gif"" width=""600"" /></td>
</tr>
</table>
<table align=""center"" width=""596"" border=""0"" cellpadding=""0"" cellspacing=""0"" bgcolor=""#CCCCCC"" style=""border-left:solid;border-left-width:1px;border-right:solid;border-right-width:1px;border-bottom:solid;border-bottom-width:1px;border-color:#CCCCCC;"">
<tr>
<td align=""center"" bgcolor=""#FFFFFF"">
<div class=""ifrm-container"" style=""width:598px;height:460px;overflow:auto;-webkit-overflow-scrolling:touch;"">

</div>
</td>
</tr>
<tr>
<td align=""right"" bgcolor=""#FFFFFF"" style=""padding:2px;"">
<img src=""http://www.rakuten.ne.jp/gold/guy0084/goqsystem/powered_by_banner.gif"" width=""125"" />
</td>
</tr>
</table>
</td>
</tr>
</table>
<!--GoQSystemランキング自動更新ツールワイド-->
</div>",【春夏物】Agis M：オーダースーツ ＧＵＹ0084,オーダースーツオーダーシャツドレスシャツレディースオーダーシャツ【春夏物】Agis M,【春夏物】【送料無料】。【春夏物】Agis M[rn]
13-87872,http://tshop.r10s.jp/guy0084/cabinet/off-img/slacks/mls20513-a_m.jpg?fitin=700:700,6320.0000,,メンズファッション > ズボン・パンツ,【春夏物】Agis M＆R【エィジス エムアンドアール】ローライズノータックスラックス【グレー】【お取り寄せ】【4s9w】【楽天ランキング】【父の日】【2015/6/11】,【春夏物】【送料無料】,"<!--QRコード-->
<center>
<table width=""355"" border=""0"" cellspacing=""0"" cellpadding=""0"">
<tr>
    <td colspan=""2"" align=""center""><font size=""2"" color=""#800000""><!-- 携帯ポイント企画 --></font><br>
<img src=""http://image.rakuten.co.jp/guy0084/cabinet/parts/souryou_bn01.gif"" alt=""送料のご案内"" width=""410"" height=""80"" border=""0""><br><font size=""2"">発送からのお届け予定日時間帯</font></td>
    </tr>
  <tr>
    <td align=""center""><img src=""http://image.rakuten.co.jp/guy0084/cabinet/parts/mobile-cart.gif"" alt=""携帯から注文する"" width=""215"" height=""100"" border=""0"" /></td>
    <td align=""center""><img src=""http://image.rakuten.co.jp/guy0084/cabinet/qr-code-001/mls20513-a.jpg"" alt=""携帯へアクセス"" width=""111"" height=""111"" border=""0""></td>
  </tr>
  </table>
</center>
<!--QRコードend-->
<!--ギフトアイコン-->
<center>
<table border=""0"" cellspacing=""0"" cellpadding=""2"">
<tr>
<td valign=""middle"" nowrap><font size=""-1"">ギフト対応<br>
  詳しくはコチラ</font></td>
<td valign=""baseline"">
<img src=""http://image.rakuten.co.jp/guy0084/cabinet/parts/icon_wrapping.gif"" alt=""ラッピング対応"" width=""100"" height=""21"" hspace=""1"">
<img src=""http://image.rakuten.co.jp/guy0084/cabinet/parts/icon_noshi.gif"" alt=""のし対応"" width=""100"" height=""21"" hspace=""1"">
<img src=""http://image.rakuten.co.jp/guy0084/cabinet/parts/icon_noshi_kimei.gif"" alt=""のし記名可"" width=""100"" height=""21"" hspace=""1""></td>
</tr>
</table>
<br><img src=""http://www.rakuten.ne.jp/gold/guy0084/parts/space.gif"" width=""1"" height=""10"" alt="""" /><br>
</center>
<!--ギフトアイコンend-->
<center><!--イベント用-->
<img src=""http://www.rakuten.ne.jp/gold/guy0084/parts/space.gif"" width=""1"" height=""5"" alt=""""><br>

<table  width=""355"" border=""3"" bordercolor=""#1F0B09"" frame=""box"">
  <tr>
    <td width=""30%""  align=""center"" valign=""middle"" style=""border: 1px solid black;""><font size=""2"">ブランド</font></td>
    <td style=""border: 1px solid black;"" width=""70%""><font size=""2"">Agis M&R【エィジス エムアンドアール】</font></td>
  </tr>
  <tr>
    <td width=""30%"" height=""8"" align=""center"" style=""border: 1px solid black;""><font size=""2"">サイズ</font></td>
    <td style=""border: 1px solid black;"" width=""70%""><font size=""2"">73(76)、76(79)、79(82)、82(85)、85(88)、88(91)、91(94)</font></td>
  </tr>
  <tr>
    <td width=""30%"" align=""center"" valign=""middle"" style=""border: 1px solid black;""><font size=""2"">素材</font></td>
    <td style=""border: 1px solid black;"" width=""70%""><font size=""2"">毛：50％、ポリエステル：50％</font></td>
  </tr>
  <tr>
    <td width=""30%"" align=""center"" valign=""middle"" style=""border: 1px solid black;""><font size=""2"">カラー</font></td>
    <td style=""border: 1px solid black;"" width=""70%""><font size=""2"">グレー</font></td>
  </tr>
  <tr>
    <td width=""30%"" align=""center"" valign=""middle"" style=""border: 1px solid black;""><font size=""2"">スタイル</font></td>
    <td style=""border: 1px solid black;"" width=""70%""><font size=""2"">ジャケット（ブレザー）、ブルゾン（ジャンバー）<br>ワイシャツ、カッターシャツ、ドレスシャツ<br>ポロシャツ、ビジネススタイル<br>スーツスタイル、オフィススタイル<br>パーティ、婚活、２次会</font></td>
  </tr>
  <tr>
    <td width=""30%"" align=""center"" valign=""middle"" style=""border: 1px solid black;""><font size=""2"">洗濯表示</font></td>
    <td width=""70%"" valign=""middle"" style=""border: 1px solid black;"">
<img src=""http://image.rakuten.co.jp/guy0084/cabinet/parts/laundry05.gif"" width=""43"" height=""43"" />
<img src=""http://image.rakuten.co.jp/guy0084/cabinet/parts/laundry02.gif"" width=""43"" height=""43"" />
<img src=""http://image.rakuten.co.jp/guy0084/cabinet/parts/laundry03.gif"" width=""43"" height=""43"" />
<img src=""http://image.rakuten.co.jp/guy0084/cabinet/parts/laundry06.gif"" width=""43"" height=""43"" />
<img src=""http://image.rakuten.co.jp/guy0084/cabinet/parts/laundry01.gif"" width=""43"" height=""43"" />
<img src=""http://image.rakuten.co.jp/guy0084/cabinet/parts/laundry10.gif"" width=""43"" height=""43"" />
<font size=""2""><br>タンブラー乾燥は避けてください<br>漂白剤は使用しないでください</font>
</td>
  </tr>
  <tr>
    <td colspan=""2"" bgcolor=""#ede4cd"" style=""border: 1px solid black;"" height=""8""><font size=""2"">【Key Word】</font></td>
  </tr>
  <tr>
    <td style=""border: 1px solid black;"" colspan=""2""><font size=""2"">MEN'S（メンズ）、ノータック、ローライズ、<br>ビジネス、会合、婚活、寄り合い、旅行<br>ひざ当て付、COOL BIZ（クールビズ）</font></td>
  </tr>
  <tr>
    <td colspan=""2"" bgcolor=""#ede4cd"" style=""border: 1px solid black;"" height=""8""><font size=""2"">ギフト包装、プレゼント包装、のし対応</font></td>
  </tr>
  <tr>
    <td style=""border: 1px solid black;"" colspan=""2""><font size=""2"">お誕生日、昇進祝い、内祝い、バレンタインデー、クリスマス<br>入学祝い、卒業祝い、就職祝い、成人式<br>父の日、敬老の日 等　各種承っております。</font></td>
  </tr>
  <tr>
    <td colspan=""2"" bgcolor=""#000000"" style=""border: 1px solid black;"" height=""8""><font size=""2"" color=""white"">必ずお読みください</font></td>
  </tr>
  <tr>
    <td style=""border: 1px solid black;"" colspan=""2""><font size=""2"">ご使用のモニターによって、商品画像の色が<br>
            異なって見えることがあります。<br>
            あらかじめ、ご了承頂きますよう、お願い申し上げます。<br>
            ご購入の際は、表記カラーをご確認の上<br>
            お買い求めください。<br><br>実店舗での販売も行っている為、<br>ご注文頂いたタイミングによって在庫が無い場合もございます。<br>その際は、メール等でご連絡させて頂きます。<br>ご了承くださいませ。<br><br>
    商品についての詳細はメールor直接店舗の方に<br>お電話下さい。</font></td>
  </tr>
  <tr>
    <td style=""border: 1px solid black;"" colspan=""2""><font size=""2"">ご購入前にサイズ表を必ずご確認ください。<br />
      サイズ表はコチラ</font><br><font size=""-2"">Copyright(C) メンズショップ ガイ All rights reserved.</font></td>
  </tr>
<tr><td style=""border: 1px solid black;"" colspan=""2"" align=""right""><font size=""2"">2015/6/11【入荷】</font></td></tr>
</table>
<!-- エビデンス -->
 <p><font size=""2"">メーカー希望小売価格はメーカー商品タグに基づいて掲載しています。</font><br />
 <img src=""http://image.rakuten.co.jp/guy0084/cabinet/evidence/evidence_mls20513-a.jpg"" alt=""メーカー希望小売価格"" width=""300"" height=""300"" border=""0""> </p>
</center><div align=""center"">

<div align=""center"">
     <img src=""https://image.rakuten.co.jp/guy0084/cabinet/campaign/0506_mara_1000.gif"" alt=""1000円クーポンプレゼント"" width=""616"" height=""120"" border=""0""><br><br>
<img src=""https://image.rakuten.co.jp/guy0084/cabinet/campaign/0506_mara_500.gif"" alt=""500円クーポンプレゼント"" width=""616"" height=""120"" border=""0""><br><br>
<img src=""https://image.rakuten.co.jp/guy0084/cabinet/campaign/0506_mara_300.gif"" alt=""300円クーポンプレゼント"" width=""616"" height=""120"" border=""0""><br><br>
<img src=""https://image.rakuten.co.jp/guy0084/cabinet/campaign/0519_social_cupon.jpg"" alt=""200円クーポンプレゼント"" width=""616"" height=""120"" border=""0""><br><br>
</div>
<p>
<img src=""http://image.rakuten.co.jp/guy0084/cabinet/campaign/cool-sp2016_01-n.jpg"" alt=""クール仕立て"" width=""616"" height=""120"" border=""0"">
</p>
<img src=""http://image.rakuten.co.jp/guy0084/cabinet/parts/welcome-600.gif"" alt=""ご来店ありがとうございます"" width=""600"" height=""30"" border=""0"">
<br><img src=""http://www.rakuten.ne.jp/gold/guy0084/parts/space.gif"" width=""5"" height=""5"" alt=""""><br>
<!--GoQSystemランキング自動更新ツールワイド-->
<table align=""center"" width=""600"" border=""0"" cellpadding=""0"" cellspacing=""0"" bgcolor=""#FFFFFF"">
<tr>
<td>
<table align=""center"" width=""600"" border=""0"" cellpadding=""0"" cellspacing=""0"" bgcolor=""#FFFFFF"">
<tr>
<td align=""center"" valign=""bottom"" bgcolor=""#cccccc""><img src=""http://www.rakuten.ne.jp/gold/guy0084/goqsystem/600rankingtitel.gif"" width=""600"" /></td>
</tr>
</table>
<table align=""center"" width=""596"" border=""0"" cellpadding=""0"" cellspacing=""0"" bgcolor=""#CCCCCC"" style=""border-left:solid;border-left-width:1px;border-right:solid;border-right-width:1px;border-bottom:solid;border-bottom-width:1px;border-color:#CCCCCC;"">
<tr>
<td align=""center"" bgcolor=""#FFFFFF"">
<div class=""ifrm-container"" style=""width:598px;height:460px;overflow:auto;-webkit-overflow-scrolling:touch;"">

</div>
</td>
</tr>
<tr>
<td align=""right"" bgcolor=""#FFFFFF"" style=""padding:2px;"">
<img src=""http://www.rakuten.ne.jp/gold/guy0084/goqsystem/powered_by_banner.gif"" width=""125"" />
</td>
</tr>
</table>
</td>
</tr>
</table>
<!--GoQSystemランキング自動更新ツールワイド-->
</div>",【春夏物】Agis M＆R【エィジス エムアンドアール】ローライズノータックスラックス【グレー】【お取り寄せ】【4s9w】【楽天ランキング】【父の日】【2015/6/11】：オーダースーツ ＧＵＹ0084,オーダースーツオーダーシャツドレスシャツレディースオーダーシャツ【春夏物】Agis M＆R【エィジス エムアンドアール】ローライズノータックスラックス【グレー】【お取り寄せ】【4s9w】【楽天ランキング】【父の日】【2015/6/11】,【春夏物】【送料無料】。【春夏物】Agis M＆R【エィジス エムアンドアール】ローライズノータックスラックス【グレー】【お取り寄せ】【4s9w】【楽天ランキング】【父の日】【2015/6/11】[rn]
13-87873,http://tshop.r10s.jp/guy0084/cabinet/off-img/slacks/mls60013-e_m.jpg?fitin=700:700,6320.0000,,メンズファッション > ズボン・パンツ,【春夏物】Agis M＆R【エィジス エムアンドアール】ローライズノータックスラックス【ブラックネイビー】【お取り寄せ】【4s9w】【楽天ランキング】【父の日】【2015/6/11】,【春夏物】【送料無料】,"<!--QRコード-->
<center>
<table width=""355"" border=""0"" cellspacing=""0"" cellpadding=""0"">
<tr>
    <td colspan=""2"" align=""center""><font size=""2"" color=""#800000""><!-- 携帯ポイント企画 --></font><br>
<img src=""http://image.rakuten.co.jp/guy0084/cabinet/parts/souryou_bn01.gif"" alt=""送料のご案内"" width=""410"" height=""80"" border=""0""><br><font size=""2"">発送からのお届け予定日時間帯</font></td>
    </tr>
  <tr>
    <td align=""center""><img src=""http://image.rakuten.co.jp/guy0084/cabinet/parts/mobile-cart.gif"" alt=""携帯から注文する"" width=""215"" height=""100"" border=""0"" /></td>
    <td align=""center""><img src=""http://image.rakuten.co.jp/guy0084/cabinet/qr-code-001/mls60013-e.jpg"" alt=""携帯へアクセス"" width=""111"" height=""111"" border=""0""></td>
  </tr>
  </table>
</center>
<!--QRコードend-->
<!--ギフトアイコン-->
<center>
<table border=""0"" cellspacing=""0"" cellpadding=""2"">
<tr>
<td valign=""middle"" nowrap><font size=""-1"">ギフト対応<br>
  詳しくはコチラ</font></td>
<td valign=""baseline"">
<img src=""http://image.rakuten.co.jp/guy0084/cabinet/parts/icon_wrapping.gif"" alt=""ラッピング対応"" width=""100"" height=""21"" hspace=""1"">
<img src=""http://image.rakuten.co.jp/guy0084/cabinet/parts/icon_noshi.gif"" alt=""のし対応"" width=""100"" height=""21"" hspace=""1"">
<img src=""http://image.rakuten.co.jp/guy0084/cabinet/parts/icon_noshi_kimei.gif"" alt=""のし記名可"" width=""100"" height=""21"" hspace=""1""></td>
</tr>
</table>
<br><img src=""http://www.rakuten.ne.jp/gold/guy0084/parts/space.gif"" width=""1"" height=""10"" alt="""" /><br>
</center>
<!--ギフトアイコンend-->
<center><!--イベント用-->
<img src=""http://www.rakuten.ne.jp/gold/guy0084/parts/space.gif"" width=""1"" height=""5"" alt=""""><br>

<table  width=""355"" border=""3"" bordercolor=""#1F0B09"" frame=""box"">
  <tr>
    <td width=""30%""  align=""center"" valign=""middle"" style=""border: 1px solid black;""><font size=""2"">ブランド</font></td>
    <td style=""border: 1px solid black;"" width=""70%""><font size=""2"">Agis M&R【エィジス エムアンドアール】</font></td>
  </tr>
  <tr>
    <td width=""30%"" height=""8"" align=""center"" style=""border: 1px solid black;""><font size=""2"">サイズ</font></td>
    <td style=""border: 1px solid black;"" width=""70%""><font size=""2"">73(76)、76(79)、79(82)、82(85)、85(88)、88(91)、91(94)</font></td>
  </tr>
  <tr>
    <td width=""30%"" align=""center"" valign=""middle"" style=""border: 1px solid black;""><font size=""2"">素材</font></td>
    <td style=""border: 1px solid black;"" width=""70%""><font size=""2"">毛：50％、ポリエステル：50％</font></td>
  </tr>
  <tr>
    <td width=""30%"" align=""center"" valign=""middle"" style=""border: 1px solid black;""><font size=""2"">カラー</font></td>
    <td style=""border: 1px solid black;"" width=""70%""><font size=""2"">ブラックネイビー</font></td>
  </tr>
  <tr>
    <td width=""30%"" align=""center"" valign=""middle"" style=""border: 1px solid black;""><font size=""2"">スタイル</font></td>
    <td style=""border: 1px solid black;"" width=""70%""><font size=""2"">ジャケット（ブレザー）、ブルゾン（ジャンバー）<br>ワイシャツ、カッターシャツ、ドレスシャツ<br>ポロシャツ、ビジネススタイル<br>スーツスタイル、オフィススタイル<br>パーティ、婚活、２次会</font></td>
  </tr>
  <tr>
    <td width=""30%"" align=""center"" valign=""middle"" style=""border: 1px solid black;""><font size=""2"">洗濯表示</font></td>
    <td width=""70%"" valign=""middle"" style=""border: 1px solid black;"">
<img src=""http://image.rakuten.co.jp/guy0084/cabinet/parts/laundry05.gif"" width=""43"" height=""43"" />
<img src=""http://image.rakuten.co.jp/guy0084/cabinet/parts/laundry02.gif"" width=""43"" height=""43"" />
<img src=""http://image.rakuten.co.jp/guy0084/cabinet/parts/laundry03.gif"" width=""43"" height=""43"" />
<img src=""http://image.rakuten.co.jp/guy0084/cabinet/parts/laundry06.gif"" width=""43"" height=""43"" />
<img src=""http://image.rakuten.co.jp/guy0084/cabinet/parts/laundry01.gif"" width=""43"" height=""43"" />
<img src=""http://image.rakuten.co.jp/guy0084/cabinet/parts/laundry10.gif"" width=""43"" height=""43"" />
<font size=""2""><br>タンブラー乾燥は避けてください<br>漂白剤は使用しないでください</font>
</td>
  </tr>
  <tr>
    <td colspan=""2"" bgcolor=""#ede4cd"" style=""border: 1px solid black;"" height=""8""><font size=""2"">【Key Word】</font></td>
  </tr>
  <tr>
    <td style=""border: 1px solid black;"" colspan=""2""><font size=""2"">MEN'S（メンズ）、ノータック、ローライズ、<br>ビジネス、会合、婚活、寄り合い、旅行<br>ひざ当て付、COOL BIZ（クールビズ）</font></td>
  </tr>
  <tr>
    <td colspan=""2"" bgcolor=""#ede4cd"" style=""border: 1px solid black;"" height=""8""><font size=""2"">ギフト包装、プレゼント包装、のし対応</font></td>
  </tr>
  <tr>
    <td style=""border: 1px solid black;"" colspan=""2""><font size=""2"">お誕生日、昇進祝い、内祝い、バレンタインデー、クリスマス<br>入学祝い、卒業祝い、就職祝い、成人式<br>父の日、敬老の日 等　各種承っております。</font></td>
  </tr>
  <tr>
    <td colspan=""2"" bgcolor=""#000000"" style=""border: 1px solid black;"" height=""8""><font size=""2"" color=""white"">必ずお読みください</font></td>
  </tr>
  <tr>
    <td style=""border: 1px solid black;"" colspan=""2""><font size=""2"">ご使用のモニターによって、商品画像の色が<br>
            異なって見えることがあります。<br>
            あらかじめ、ご了承頂きますよう、お願い申し上げます。<br>
            ご購入の際は、表記カラーをご確認の上<br>
            お買い求めください。<br><br>実店舗での販売も行っている為、<br>ご注文頂いたタイミングによって在庫が無い場合もございます。<br>その際は、メール等でご連絡させて頂きます。<br>ご了承くださいませ。<br><br>
    商品についての詳細はメールor直接店舗の方に<br>お電話下さい。</font></td>
  </tr>
  <tr>
    <td style=""border: 1px solid black;"" colspan=""2""><font size=""2"">ご購入前にサイズ表を必ずご確認ください。<br />
      サイズ表はコチラ</font><br><font size=""-2"">Copyright(C) メンズショップ ガイ All rights reserved.</font></td>
  </tr>
<tr><td style=""border: 1px solid black;"" colspan=""2"" align=""right""><font size=""2"">2015/6/11【入荷】</font></td></tr>
</table>
<!-- エビデンス -->
 <p><font size=""2"">メーカー希望小売価格はメーカー商品タグに基づいて掲載しています。</font><br />
 <img src=""http://image.rakuten.co.jp/guy0084/cabinet/evidence/evidence_mls60013-e.jpg"" alt=""メーカー希望小売価格"" width=""300"" height=""300"" border=""0""> </p>
</center><div align=""center"">

<div align=""center"">
     <img src=""https://image.rakuten.co.jp/guy0084/cabinet/campaign/0506_mara_1000.gif"" alt=""1000円クーポンプレゼント"" width=""616"" height=""120"" border=""0""><br><br>
<img src=""https://image.rakuten.co.jp/guy0084/cabinet/campaign/0506_mara_500.gif"" alt=""500円クーポンプレゼント"" width=""616"" height=""120"" border=""0""><br><br>
<img src=""https://image.rakuten.co.jp/guy0084/cabinet/campaign/0506_mara_300.gif"" alt=""300円クーポンプレゼント"" width=""616"" height=""120"" border=""0""><br><br>
<img src=""https://image.rakuten.co.jp/guy0084/cabinet/campaign/0519_social_cupon.jpg"" alt=""200円クーポンプレゼント"" width=""616"" height=""120"" border=""0""><br><br>
</div>
<p>
<img src=""http://image.rakuten.co.jp/guy0084/cabinet/campaign/cool-sp2016_01-n.jpg"" alt=""クール仕立て"" width=""616"" height=""120"" border=""0"">
</p>
<img src=""http://image.rakuten.co.jp/guy0084/cabinet/parts/welcome-600.gif"" alt=""ご来店ありがとうございます"" width=""600"" height=""30"" border=""0"">
<br><img src=""http://www.rakuten.ne.jp/gold/guy0084/parts/space.gif"" width=""5"" height=""5"" alt=""""><br>
<!--GoQSystemランキング自動更新ツールワイド-->
<table align=""center"" width=""600"" border=""0"" cellpadding=""0"" cellspacing=""0"" bgcolor=""#FFFFFF"">
<tr>
<td>
<table align=""center"" width=""600"" border=""0"" cellpadding=""0"" cellspacing=""0"" bgcolor=""#FFFFFF"">
<tr>
<td align=""center"" valign=""bottom"" bgcolor=""#cccccc""><img src=""http://www.rakuten.ne.jp/gold/guy0084/goqsystem/600rankingtitel.gif"" width=""600"" /></td>
</tr>
</table>
<table align=""center"" width=""596"" border=""0"" cellpadding=""0"" cellspacing=""0"" bgcolor=""#CCCCCC"" style=""border-left:solid;border-left-width:1px;border-right:solid;border-right-width:1px;border-bottom:solid;border-bottom-width:1px;border-color:#CCCCCC;"">
<tr>
<td align=""center"" bgcolor=""#FFFFFF"">
<div class=""ifrm-container"" style=""width:598px;height:460px;overflow:auto;-webkit-overflow-scrolling:touch;"">

</div>
</td>
</tr>
<tr>
<td align=""right"" bgcolor=""#FFFFFF"" style=""padding:2px;"">
<img src=""http://www.rakuten.ne.jp/gold/guy0084/goqsystem/powered_by_banner.gif"" width=""125"" />
</td>
</tr>
</table>
</td>
</tr>
</table>
<!--GoQSystemランキング自動更新ツールワイド-->
</div>",【春夏物】Agis M＆R【エィジス エムアンドアール】ローライズノータックスラックス【ブラックネイビー】【お取り寄せ】【4s9w】【楽天ランキング】【父の日】【2015/6/11】：オーダースーツ ＧＵＹ0084,オーダースーツオーダーシャツドレスシャツレディースオーダーシャツ【春夏物】Agis M＆R【エィジス エムアンドアール】ローライズノータックスラックス【ブラックネイビー】【お取り寄せ】【4s9w】【楽天ランキング】【父の日】【2015/6/11】,【春夏物】【送料無料】。【春夏物】Agis M＆R【エィジス エムアンドアール】ローライズノータックスラックス【ブラックネイビー】【お取り寄せ】【4s9w】【楽天ランキング】【父の日】【2015/6/11】[rn]
13-87874,http://tshop.r10s.jp/guy0084/cabinet/off-img/slacks/mls60013-i_m.jpg?fitin=700:700,6320.0000,,メンズファッション > ズボン・パンツ,【春夏物】Agis M＆R【エィジス エムアンドアール】ローライズノータックスラックス【ダークグレーストライプ】【お取り寄せ】【4s9w】【楽天ランキング】【父の日】【2015/6/11】,【春夏物】【送料無料】,"<!--QRコード-->
<center>
<table width=""355"" border=""0"" cellspacing=""0"" cellpadding=""0"">
<tr>
    <td colspan=""2"" align=""center""><font size=""2"" color=""#800000""><!-- 携帯ポイント企画 --></font><br>
<img src=""http://image.rakuten.co.jp/guy0084/cabinet/parts/souryou_bn01.gif"" alt=""送料のご案内"" width=""410"" height=""80"" border=""0""><br><font size=""2"">発送からのお届け予定日時間帯</font></td>
    </tr>
  <tr>
    <td align=""center""><img src=""http://image.rakuten.co.jp/guy0084/cabinet/parts/mobile-cart.gif"" alt=""携帯から注文する"" width=""215"" height=""100"" border=""0"" /></td>
    <td align=""center""><img src=""http://image.rakuten.co.jp/guy0084/cabinet/qr-code-001/mls60013-i.jpg"" alt=""携帯へアクセス"" width=""111"" height=""111"" border=""0""></td>
  </tr>
  </table>
</center>
<!--QRコードend-->
<!--ギフトアイコン-->
<center>
<table border=""0"" cellspacing=""0"" cellpadding=""2"">
<tr>
<td valign=""middle"" nowrap><font size=""-1"">ギフト対応<br>
  詳しくはコチラ</font></td>
<td valign=""baseline"">
<img src=""http://image.rakuten.co.jp/guy0084/cabinet/parts/icon_wrapping.gif"" alt=""ラッピング対応"" width=""100"" height=""21"" hspace=""1"">
<img src=""http://image.rakuten.co.jp/guy0084/cabinet/parts/icon_noshi.gif"" alt=""のし対応"" width=""100"" height=""21"" hspace=""1"">
<img src=""http://image.rakuten.co.jp/guy0084/cabinet/parts/icon_noshi_kimei.gif"" alt=""のし記名可"" width=""100"" height=""21"" hspace=""1""></td>
</tr>
</table>
<br><img src=""http://www.rakuten.ne.jp/gold/guy0084/parts/space.gif"" width=""1"" height=""10"" alt="""" /><br>
</center>
<!--ギフトアイコンend-->
<center><!--イベント用-->
<img src=""http://www.rakuten.ne.jp/gold/guy0084/parts/space.gif"" width=""1"" height=""5"" alt=""""><br>

<table  width=""355"" border=""3"" bordercolor=""#1F0B09"" frame=""box"">
  <tr>
    <td width=""30%""  align=""center"" valign=""middle"" style=""border: 1px solid black;""><font size=""2"">ブランド</font></td>
    <td style=""border: 1px solid black;"" width=""70%""><font size=""2"">Agis M&R【エィジス エムアンドアール】</font></td>
  </tr>
  <tr>
    <td width=""30%"" height=""8"" align=""center"" style=""border: 1px solid black;""><font size=""2"">サイズ</font></td>
    <td style=""border: 1px solid black;"" width=""70%""><font size=""2"">73(76)、76(79)、79(82)、82(85)、85(88)、88(91)、91(94)</font></td>
  </tr>
  <tr>
    <td width=""30%"" align=""center"" valign=""middle"" style=""border: 1px solid black;""><font size=""2"">素材</font></td>
    <td style=""border: 1px solid black;"" width=""70%""><font size=""2"">毛：50％、ポリエステル：50％</font></td>
  </tr>
  <tr>
    <td width=""30%"" align=""center"" valign=""middle"" style=""border: 1px solid black;""><font size=""2"">カラー</font></td>
    <td style=""border: 1px solid black;"" width=""70%""><font size=""2"">ダークグレーストライプ</font></td>
  </tr>
  <tr>
    <td width=""30%"" align=""center"" valign=""middle"" style=""border: 1px solid black;""><font size=""2"">スタイル</font></td>
    <td style=""border: 1px solid black;"" width=""70%""><font size=""2"">ジャケット（ブレザー）、ブルゾン（ジャンバー）<br>ワイシャツ、カッターシャツ、ドレスシャツ<br>ポロシャツ、ビジネススタイル<br>スーツスタイル、オフィススタイル<br>パーティ、婚活、２次会</font></td>
  </tr>
  <tr>
    <td width=""30%"" align=""center"" valign=""middle"" style=""border: 1px solid black;""><font size=""2"">洗濯表示</font></td>
    <td width=""70%"" valign=""middle"" style=""border: 1px solid black;"">
<img src=""http://image.rakuten.co.jp/guy0084/cabinet/parts/laundry05.gif"" width=""43"" height=""43"" />
<img src=""http://image.rakuten.co.jp/guy0084/cabinet/parts/laundry02.gif"" width=""43"" height=""43"" />
<img src=""http://image.rakuten.co.jp/guy0084/cabinet/parts/laundry03.gif"" width=""43"" height=""43"" />
<img src=""http://image.rakuten.co.jp/guy0084/cabinet/parts/laundry06.gif"" width=""43"" height=""43"" />
<img src=""http://image.rakuten.co.jp/guy0084/cabinet/parts/laundry01.gif"" width=""43"" height=""43"" />
<img src=""http://image.rakuten.co.jp/guy0084/cabinet/parts/laundry10.gif"" width=""43"" height=""43"" />
<font size=""2""><br>タンブラー乾燥は避けてください<br>漂白剤は使用しないでください</font>
</td>
  </tr>
  <tr>
    <td colspan=""2"" bgcolor=""#ede4cd"" style=""border: 1px solid black;"" height=""8""><font size=""2"">【Key Word】</font></td>
  </tr>
  <tr>
    <td style=""border: 1px solid black;"" colspan=""2""><font size=""2"">MEN'S（メンズ）、ノータック、ローライズ、<br>ビジネス、会合、婚活、寄り合い、旅行<br>ひざ当て付、COOL BIZ（クールビズ）</font></td>
  </tr>
  <tr>
    <td colspan=""2"" bgcolor=""#ede4cd"" style=""border: 1px solid black;"" height=""8""><font size=""2"">ギフト包装、プレゼント包装、のし対応</font></td>
  </tr>
  <tr>
    <td style=""border: 1px solid black;"" colspan=""2""><font size=""2"">お誕生日、昇進祝い、内祝い、バレンタインデー、クリスマス<br>入学祝い、卒業祝い、就職祝い、成人式<br>父の日、敬老の日 等　各種承っております。</font></td>
  </tr>
  <tr>
    <td colspan=""2"" bgcolor=""#000000"" style=""border: 1px solid black;"" height=""8""><font size=""2"" color=""white"">必ずお読みください</font></td>
  </tr>
  <tr>
    <td style=""border: 1px solid black;"" colspan=""2""><font size=""2"">ご使用のモニターによって、商品画像の色が<br>
            異なって見えることがあります。<br>
            あらかじめ、ご了承頂きますよう、お願い申し上げます。<br>
            ご購入の際は、表記カラーをご確認の上<br>
            お買い求めください。<br><br>実店舗での販売も行っている為、<br>ご注文頂いたタイミングによって在庫が無い場合もございます。<br>その際は、メール等でご連絡させて頂きます。<br>ご了承くださいませ。<br><br>
    商品についての詳細はメールor直接店舗の方に<br>お電話下さい。</font></td>
  </tr>
  <tr>
    <td style=""border: 1px solid black;"" colspan=""2""><font size=""2"">ご購入前にサイズ表を必ずご確認ください。<br />
      サイズ表はコチラ</font><br><font size=""-2"">Copyright(C) メンズショップ ガイ All rights reserved.</font></td>
  </tr>
<tr><td style=""border: 1px solid black;"" colspan=""2"" align=""right""><font size=""2"">2015/6/11【入荷】</font></td></tr>
</table>
<!-- エビデンス -->
 <p><font size=""2"">メーカー希望小売価格はメーカー商品タグに基づいて掲載しています。</font><br />
 <img src=""http://image.rakuten.co.jp/guy0084/cabinet/evidence/evidence_mls60013-i.jpg"" alt=""メーカー希望小売価格"" width=""300"" height=""300"" border=""0""> </p>
</center><div align=""center"">

<div align=""center"">
     <img src=""https://image.rakuten.co.jp/guy0084/cabinet/campaign/0506_mara_1000.gif"" alt=""1000円クーポンプレゼント"" width=""616"" height=""120"" border=""0""><br><br>
<img src=""https://image.rakuten.co.jp/guy0084/cabinet/campaign/0506_mara_500.gif"" alt=""500円クーポンプレゼント"" width=""616"" height=""120"" border=""0""><br><br>
<img src=""https://image.rakuten.co.jp/guy0084/cabinet/campaign/0506_mara_300.gif"" alt=""300円クーポンプレゼント"" width=""616"" height=""120"" border=""0""><br><br>
<img src=""https://image.rakuten.co.jp/guy0084/cabinet/campaign/0519_social_cupon.jpg"" alt=""200円クーポンプレゼント"" width=""616"" height=""120"" border=""0""><br><br>
</div>
<p>
<img src=""http://image.rakuten.co.jp/guy0084/cabinet/campaign/cool-sp2016_01-n.jpg"" alt=""クール仕立て"" width=""616"" height=""120"" border=""0"">
</p>
<img src=""http://image.rakuten.co.jp/guy0084/cabinet/parts/welcome-600.gif"" alt=""ご来店ありがとうございます"" width=""600"" height=""30"" border=""0"">
<br><img src=""http://www.rakuten.ne.jp/gold/guy0084/parts/space.gif"" width=""5"" height=""5"" alt=""""><br>
<!--GoQSystemランキング自動更新ツールワイド-->
<table align=""center"" width=""600"" border=""0"" cellpadding=""0"" cellspacing=""0"" bgcolor=""#FFFFFF"">
<tr>
<td>
<table align=""center"" width=""600"" border=""0"" cellpadding=""0"" cellspacing=""0"" bgcolor=""#FFFFFF"">
<tr>
<td align=""center"" valign=""bottom"" bgcolor=""#cccccc""><img src=""http://www.rakuten.ne.jp/gold/guy0084/goqsystem/600rankingtitel.gif"" width=""600"" /></td>
</tr>
</table>
<table align=""center"" width=""596"" border=""0"" cellpadding=""0"" cellspacing=""0"" bgcolor=""#CCCCCC"" style=""border-left:solid;border-left-width:1px;border-right:solid;border-right-width:1px;border-bottom:solid;border-bottom-width:1px;border-color:#CCCCCC;"">
<tr>
<td align=""center"" bgcolor=""#FFFFFF"">
<div class=""ifrm-container"" style=""width:598px;height:460px;overflow:auto;-webkit-overflow-scrolling:touch;"">

</div>
</td>
</tr>
<tr>
<td align=""right"" bgcolor=""#FFFFFF"" style=""padding:2px;"">
<img src=""http://www.rakuten.ne.jp/gold/guy0084/goqsystem/powered_by_banner.gif"" width=""125"" />
</td>
</tr>
</table>
</td>
</tr>
</table>
<!--GoQSystemランキング自動更新ツールワイド-->
</div>",【春夏物】Agis M＆R【エィジス エムアンドアール】ローライズノータックスラックス【ダークグレーストライプ】【お取り寄せ】【4s9w】【楽天ランキング】【父の日】【2015/6/11】：オーダースーツ ＧＵＹ0084,オーダースーツオーダーシャツドレスシャツレディースオーダーシャツ【春夏物】Agis M＆R【エィジス エムアンドアール】ローライズノータックスラックス【ダークグレーストライプ】【お取り寄せ】【4s9w】【楽天ランキング】【父の日】【2015/6/11】,【春夏物】【送料無料】。【春夏物】Agis M＆R【エィジス エムアンドアール】ローライズノータックスラックス【ダークグレーストライプ】【お取り寄せ】【4s9w】【楽天ランキング】【父の日】【2015/6/11】[rn]
13-87875,http://tshop.r10s.jp/guy0084/cabinet/off-img/slacks/02317-b_m.jpg?fitin=700:700,5511.2000,,メンズファッション > ズボン・パンツ,Agis M＆R【エィジス エムアンドアール】ツータックコーデュロイスラックス/パンツ/ボトムス【ベージュ】【SALL】【お取り寄せ】【auktn_50off】【2013/12/8】【楽天ランキング】【父の日】,【秋冬物】【送料無料】,"<!--QRコード-->
<center>
<table width=""355"" border=""0"" cellspacing=""0"" cellpadding=""0"">
<tr>
    <td colspan=""2"" align=""center""><font size=""2"" color=""#800000""><!-- 携帯ポイント企画 --></font><br>
<img src=""http://image.rakuten.co.jp/guy0084/cabinet/parts/souryou_bn01.gif"" alt=""送料のご案内"" width=""410"" height=""80"" border=""0""><br><font size=""2"">発送からのお届け予定日時間帯</font></td>
    </tr>
  <tr>
    <td align=""center""><img src=""http://image.rakuten.co.jp/guy0084/cabinet/parts/mobile-cart.gif"" alt=""携帯から注文する"" width=""215"" height=""100"" border=""0"" /></td>
    <td align=""center""><img src=""http://image.rakuten.co.jp/guy0084/cabinet/qr-code-003/02317-b.jpg"" alt=""携帯へアクセス"" width=""111"" height=""111"" border=""0""></td>
  </tr>
  </table>
</center>
<!--QRコードend-->
<!--ギフトアイコン-->
<center>
<table border=""0"" cellspacing=""0"" cellpadding=""2"">
<tr>
<td valign=""middle"" nowrap><font size=""-1"">ギフト対応<br>
  詳しくはコチラ</font></td>
<td valign=""baseline"">
<img src=""http://image.rakuten.co.jp/guy0084/cabinet/parts/icon_wrapping.gif"" alt=""ラッピング対応"" width=""100"" height=""21"" hspace=""1"">
<img src=""http://image.rakuten.co.jp/guy0084/cabinet/parts/icon_noshi.gif"" alt=""のし対応"" width=""100"" height=""21"" hspace=""1"">
<img src=""http://image.rakuten.co.jp/guy0084/cabinet/parts/icon_noshi_kimei.gif"" alt=""のし記名可"" width=""100"" height=""21"" hspace=""1""></td>
</tr>
</table>
<br><img src=""http://www.rakuten.ne.jp/gold/guy0084/parts/space.gif"" width=""1"" height=""10"" alt="""" /><br>
</center>
<!--ギフトアイコンend-->
<center><!--イベント用-->
<table  width=""355"" border=""3"" bordercolor=""#1F0B09"" frame=""box"">
  <tr>
    <td width=""30%""  align=""center"" valign=""middle"" style=""border: 1px solid black;""><font size=""2"">ブランド</font></td>
    <td style=""border: 1px solid black;"" width=""70%""><font size=""2"">Agis M&R【エィジス エムアンドアール】</font></td>
  </tr>
  <tr>
    <td width=""30%"" height=""8"" align=""center"" style=""border: 1px solid black;""><font size=""2"">サイズ</font></td>
    <td style=""border: 1px solid black;"" width=""70%""><font size=""2"">85、88、91、94</font></td>
  </tr>
  <tr>
    <td width=""30%"" align=""center"" valign=""middle"" style=""border: 1px solid black;""><font size=""2"">素材</font></td>
    <td style=""border: 1px solid black;"" width=""70%""><font size=""2"">ポリエステル100％</font></td>
  </tr>
  <tr>
    <td width=""30%"" align=""center"" valign=""middle"" style=""border: 1px solid black;""><font size=""2"">カラー</font></td>
    <td style=""border: 1px solid black;"" width=""70%""><font size=""2"">ベージュ</font></td>
  </tr>
  <tr>
    <td width=""30%"" align=""center"" valign=""middle"" style=""border: 1px solid black;""><font size=""2"">スタイル</font></td>
    <td style=""border: 1px solid black;"" width=""70%""><font size=""2"">ジャケット（ブレザー）、ブルゾン（ジャンバー）<br>ワイシャツ、カッターシャツ<br>ドレスシャツ、ビジネススタイル<br>スーツスタイル、オフィススタイル<br>パーティ、クリスマス、<br>婚活、結婚式、披露宴、２次会</font></td>
  </tr>
  <tr>
    <td width=""30%"" align=""center"" valign=""middle"" style=""border: 1px solid black;""><font size=""2"">洗濯表示</font></td>
    <td width=""70%"" valign=""middle"" style=""border: 1px solid black;"">
<img src=""http://image.rakuten.co.jp/guy0084/cabinet/parts/laundry18.gif"" width=""43"" height=""43"" />
<img src=""http://image.rakuten.co.jp/guy0084/cabinet/parts/laundry02.gif"" width=""43"" height=""43"" />
<img src=""http://image.rakuten.co.jp/guy0084/cabinet/parts/laundry14.gif"" width=""43"" height=""43"" /><br>
<img src=""http://image.rakuten.co.jp/guy0084/cabinet/parts/laundry08.gif"" width=""43"" height=""43"" />
<img src=""http://image.rakuten.co.jp/guy0084/cabinet/parts/laundry06.gif"" width=""43"" height=""43"" />
<img src=""http://image.rakuten.co.jp/guy0084/cabinet/parts/laundry01.gif"" width=""43"" height=""43"" />

</td>
  </tr>
  <tr>
    <td colspan=""2"" bgcolor=""#ede4cd"" style=""border: 1px solid black;"" height=""8""><font size=""2"">【Key Word】</font></td>
  </tr>
  <tr>
    <td style=""border: 1px solid black;"" colspan=""2""><font size=""2"">2タック、MEN'S（メンズ）、パンツ</font></td>
  </tr>
  <tr>
    <td colspan=""2"" bgcolor=""#ede4cd"" style=""border: 1px solid black;"" height=""8""><font size=""2"">ギフト包装、プレゼント包装、のし対応</font></td>
  </tr>
    <tr>
    <td style=""border: 1px solid black;"" colspan=""2""><font size=""2"">お誕生日、昇進祝い、内祝い、バレンタインデー、クリスマス<br>入学祝い、卒業祝い、就職祝い、成人式<br>父の日、敬老の日 等　各種承っております。</font></td>
  </tr>
  <tr>
    <td colspan=""2"" style=""border: 1px solid black;"" bgcolor=""#990000"" height=""8""><font color=""#FFFFFF"" size=""2"">【注意事項】</font></td>
  </tr>
  <tr>
    <td style=""border: 1px solid black;"" colspan=""2""><font size=""2"">コチラの商品は一部メーカー取り寄せ商品の為、<br>発送に５営業日かかる場合がございます。<br><br>在庫の管理には万全を期しておりますが、メーカーでの<br>在庫状況（完売）により、ご注文を変更またはキャンセル<br>させて頂く場合がございます事を予めご了承くださいませ。</font></td>
  </tr> 
  <tr>
    <td colspan=""2"" bgcolor=""#000000"" style=""border: 1px solid black;"" height=""8""><font size=""2"" color=""white"">必ずお読みください</font></td>
  </tr>
  <tr>
    <td style=""border: 1px solid black;"" colspan=""2""><font size=""2"">ご使用のモニターによって、商品画像の色が<br>
            異なって見えることがあります。<br>
            あらかじめ、ご了承頂きますよう、お願い申し上げます。<br>
            ご購入の際は、表記カラーをご確認の上<br>
            お買い求めください。<br><br>実店舗での販売も行っている為、<br>ご注文頂いたタイミングによって在庫が無い場合もございます。<br>その際は、メール等でご連絡させて頂きます。<br>ご了承くださいませ。<br><br>
    商品についての詳細はメールor直接店舗の方に<br>お電話下さい。</font></td>
  </tr>
  <tr>
    <td style=""border: 1px solid black;"" colspan=""2""><font size=""2"">ご購入前にサイズ表を必ずご確認ください。<br />
      サイズ表はコチラ</font><br><font size=""-2"">Copyright(C) メンズショップ ガイ All rights reserved.</font></td>
  </tr>
<tr><td style=""border: 1px solid black;"" colspan=""2"" align=""right""><font size=""2"">  2013/12/8【入荷】</font></td></tr>
</table>
</center><div align=""center"">

<div align=""center"">
     <img src=""https://image.rakuten.co.jp/guy0084/cabinet/campaign/0506_mara_1000.gif"" alt=""1000円クーポンプレゼント"" width=""616"" height=""120"" border=""0""><br><br>
<img src=""https://image.rakuten.co.jp/guy0084/cabinet/campaign/0506_mara_500.gif"" alt=""500円クーポンプレゼント"" width=""616"" height=""120"" border=""0""><br><br>
<img src=""https://image.rakuten.co.jp/guy0084/cabinet/campaign/0506_mara_300.gif"" alt=""300円クーポンプレゼント"" width=""616"" height=""120"" border=""0""><br><br>
<img src=""https://image.rakuten.co.jp/guy0084/cabinet/campaign/0519_social_cupon.jpg"" alt=""200円クーポンプレゼント"" width=""616"" height=""120"" border=""0""><br><br>
</div>
<p>
<img src=""http://image.rakuten.co.jp/guy0084/cabinet/campaign/cool-sp2016_01-n.jpg"" alt=""クール仕立て"" width=""616"" height=""120"" border=""0"">
</p>
<img src=""http://image.rakuten.co.jp/guy0084/cabinet/parts/welcome-600.gif"" alt=""ご来店ありがとうございます"" width=""600"" height=""30"" border=""0"">
<br><img src=""http://www.rakuten.ne.jp/gold/guy0084/parts/space.gif"" width=""5"" height=""5"" alt=""""><br>
<!--GoQSystemランキング自動更新ツールワイド-->
<table align=""center"" width=""600"" border=""0"" cellpadding=""0"" cellspacing=""0"" bgcolor=""#FFFFFF"">
<tr>
<td>
<table align=""center"" width=""600"" border=""0"" cellpadding=""0"" cellspacing=""0"" bgcolor=""#FFFFFF"">
<tr>
<td align=""center"" valign=""bottom"" bgcolor=""#cccccc""><img src=""http://www.rakuten.ne.jp/gold/guy0084/goqsystem/600rankingtitel.gif"" width=""600"" /></td>
</tr>
</table>
<table align=""center"" width=""596"" border=""0"" cellpadding=""0"" cellspacing=""0"" bgcolor=""#CCCCCC"" style=""border-left:solid;border-left-width:1px;border-right:solid;border-right-width:1px;border-bottom:solid;border-bottom-width:1px;border-color:#CCCCCC;"">
<tr>
<td align=""center"" bgcolor=""#FFFFFF"">
<div class=""ifrm-container"" style=""width:598px;height:460px;overflow:auto;-webkit-overflow-scrolling:touch;"">

</div>
</td>
</tr>
<tr>
<td align=""right"" bgcolor=""#FFFFFF"" style=""padding:2px;"">
<img src=""http://www.rakuten.ne.jp/gold/guy0084/goqsystem/powered_by_banner.gif"" width=""125"" />
</td>
</tr>
</table>
</td>
</tr>
</table>
<!--GoQSystemランキング自動更新ツールワイド-->
</div>",Agis M＆R【エィジス エムアンドアール】ツータックコーデュロイスラックス/パンツ/ボトムス【ベージュ】【SALL】【お取り寄せ】【auktn_50off】【2013/12/8】【楽天ランキング】【父の日】：オーダースーツ ＧＵＹ0084,オーダースーツオーダーシャツドレスシャツレディースオーダーシャツAgis M＆R【エィジス エムアンドアール】ツータックコーデュロイスラックス/パンツ/ボトムス【ベージュ】【SALL】【お取り寄せ】【auktn_50off】【2013/12/8】【楽天ランキング】【父の日】,【秋冬物】【送料無料】。Agis M＆R【エィジス エムアンドアール】ツータックコーデュロイスラックス/パンツ/ボトムス【ベージュ】【SALL】【お取り寄せ】【auktn_50off】【2013/12/8】【楽天ランキング】【父の日】[rn]
13-87876,http://tshop.r10s.jp/guy0084/cabinet/pants-02/13-3293-b_m.jpg?fitin=700:700,5511.2000,,メンズファッション > ズボン・パンツ,Agis M＆R【エィジス エムアンドアール】スラックス【ブラック】【SALL】【auktn_50off】【2012/8/6】【楽天ランキング】【父の日】,【送料無料】【春夏物】,"<!--QRコード-->
<center>
<table width=""355"" border=""0"" cellspacing=""0"" cellpadding=""0"">
<tr>
    <td colspan=""2"" align=""center""><font size=""2"" color=""#800000""><!-- 携帯ポイント企画 --></font>
<img src=""http://image.rakuten.co.jp/guy0084/cabinet/parts/souryou_bn01.gif"" alt=""送料のご案内"" width=""410"" height=""80"" border=""0""><br><font size=""2"">発送からのお届け予定日時間帯</font></td>
    </tr>
  <tr>
    <td align=""center""><img src=""http://image.rakuten.co.jp/guy0084/cabinet/parts/mobile-cart.gif"" alt=""携帯から注文する"" width=""215"" height=""100"" border=""0"" /></td>
    <td align=""center""><img src=""http://image.rakuten.co.jp/guy0084/cabinet/qr-code-001/13-3293-b.jpg"" alt=""携帯へアクセス"" width=""111"" height=""111"" border=""0""></td>
  </tr>
  </table>
</center>
<!--QRコードend-->
<!--ギフトアイコン-->
<center>
<table border=""0"" cellspacing=""0"" cellpadding=""2"">
<tr>
<td valign=""middle"" nowrap><font size=""-1"">ギフト対応<br>
  詳しくはコチラ</font></td>
<td valign=""baseline"">
<img src=""http://image.rakuten.co.jp/guy0084/cabinet/parts/icon_wrapping.gif"" alt=""ラッピング対応"" width=""100"" height=""21"" hspace=""1"">
<img src=""http://image.rakuten.co.jp/guy0084/cabinet/parts/icon_noshi.gif"" alt=""のし対応"" width=""100"" height=""21"" hspace=""1"">
<img src=""http://image.rakuten.co.jp/guy0084/cabinet/parts/icon_noshi_kimei.gif"" alt=""のし記名可"" width=""100"" height=""21"" hspace=""1""></td>
</tr>
</table>
<br><img src=""http://www.rakuten.ne.jp/gold/guy0084/parts/space.gif"" width=""1"" height=""10"" alt="""" /><br>
</center>
<!--ギフトアイコンend-->
<center><!--イベント-->
<img src=""http://www.rakuten.ne.jp/gold/guy0084/parts/space.gif"" width=""1"" height=""5"" alt=""""><br>

<table  width=""355"" border=""3"" bordercolor=""#1F0B09"" frame=""box"">
  <tr>
    <td width=""30%""  align=""center"" valign=""middle"" style=""border: 1px solid black;""><font size=""2"">ブランド</font></td>
    <td style=""border: 1px solid black;"" width=""70%""><font size=""2"">Agis M&R【エィジス エムアンドアール】</font></td>
  </tr>
  <tr>
    <td width=""30%"" height=""8"" align=""center"" style=""border: 1px solid black;""><font size=""2"">サイズ</font></td>
    <td style=""border: 1px solid black;"" width=""70%""><font size=""2"">88、91</font></td>
  </tr>
  <tr>
    <td width=""30%"" align=""center"" valign=""middle"" style=""border: 1px solid black;""><font size=""2"">素材</font></td>
    <td style=""border: 1px solid black;"" width=""70%""><font size=""2"">ポリエステル65％<br>トリアセテート35％</font></td>
  </tr>
  <tr>
    <td width=""30%"" align=""center"" valign=""middle"" style=""border: 1px solid black;""><font size=""2"">カラー</font></td>
    <td style=""border: 1px solid black;"" width=""70%""><font size=""2"">ブラック×キナリ</font></td>
  </tr>
  <tr>
    <td width=""30%"" align=""center"" valign=""middle"" style=""border: 1px solid black;""><font size=""2"">スタイル</font></td>
    <td style=""border: 1px solid black;"" width=""70%""><font size=""2"">ジャケット（ブレザー）、ブルゾン（ジャンバー）<br>ワイシャツ、カッターシャツ<br>ドレスシャツ、ビジネススタイル<br>スーツスタイル、オフィススタイル<br><div align=""center"">

<div align=""center"">
     <img src=""https://image.rakuten.co.jp/guy0084/cabinet/campaign/0506_mara_1000.gif"" alt=""1000円クーポンプレゼント"" width=""616"" height=""120"" border=""0""><br><br>
<img src=""https://image.rakuten.co.jp/guy0084/cabinet/campaign/0506_mara_500.gif"" alt=""500円クーポンプレゼント"" width=""616"" height=""120"" border=""0""><br><br>
<img src=""https://image.rakuten.co.jp/guy0084/cabinet/campaign/0506_mara_300.gif"" alt=""300円クーポンプレゼント"" width=""616"" height=""120"" border=""0""><br><br>
<img src=""https://image.rakuten.co.jp/guy0084/cabinet/campaign/0519_social_cupon.jpg"" alt=""200円クーポンプレゼント"" width=""616"" height=""120"" border=""0""><br><br>
</div>
<p>
<img src=""http://image.rakuten.co.jp/guy0084/cabinet/campaign/cool-sp2016_01-n.jpg"" alt=""クール仕立て"" width=""616"" height=""120"" border=""0"">
</p>
<img src=""http://image.rakuten.co.jp/guy0084/cabinet/parts/welcome-600.gif"" alt=""ご来店ありがとうございます"" width=""600"" height=""30"" border=""0"">
<br><img src=""http://www.rakuten.ne.jp/gold/guy0084/parts/space.gif"" width=""5"" height=""5"" alt=""""><br>
<!--GoQSystemランキング自動更新ツールワイド-->
<table align=""center"" width=""600"" border=""0"" cellpadding=""0"" cellspacing=""0"" bgcolor=""#FFFFFF"">
<tr>
<td>
<table align=""center"" width=""600"" border=""0"" cellpadding=""0"" cellspacing=""0"" bgcolor=""#FFFFFF"">
<tr>
<td align=""center"" valign=""bottom"" bgcolor=""#cccccc""><img src=""http://www.rakuten.ne.jp/gold/guy0084/goqsystem/600rankingtitel.gif"" width=""600"" /></td>
</tr>
</table>
<table align=""center"" width=""596"" border=""0"" cellpadding=""0"" cellspacing=""0"" bgcolor=""#CCCCCC"" style=""border-left:solid;border-left-width:1px;border-right:solid;border-right-width:1px;border-bottom:solid;border-bottom-width:1px;border-color:#CCCCCC;"">
<tr>
<td align=""center"" bgcolor=""#FFFFFF"">
<div class=""ifrm-container"" style=""width:598px;height:460px;overflow:auto;-webkit-overflow-scrolling:touch;"">

</div>
</td>
</tr>
<tr>
<td align=""right"" bgcolor=""#FFFFFF"" style=""padding:2px;"">
<img src=""http://www.rakuten.ne.jp/gold/guy0084/goqsystem/powered_by_banner.gif"" width=""125"" />
</td>
</tr>
</table>
</td>
</tr>
</table>
<!--GoQSystemランキング自動更新ツールワイド-->
</div>",Agis M＆R【エィジス エムアンドアール】スラックス【ブラック】【SALL】【auktn_50off】【2012/8/6】【楽天ランキング】【父の日】：オーダースーツ ＧＵＹ0084,オーダースーツオーダーシャツドレスシャツレディースオーダーシャツAgis M＆R【エィジス エムアンドアール】スラックス【ブラック】【SALL】【auktn_50off】【2012/8/6】【楽天ランキング】【父の日】,【送料無料】【春夏物】。Agis M＆R【エィジス エムアンドアール】スラックス【ブラック】【SALL】【auktn_50off】【2012/8/6】【楽天ランキング】【父の日】[rn]
13-87877,http://tshop.r10s.jp/guy0084/cabinet/pants/13-8065-a_m.jpg?fitin=700:700,5066.4000,,メンズファッション > ズボン・パンツ,【最終バーゲン】Agis M＆R【エィジス エムアンドアール】ポリエステルスラックス【SALL】【auktn_50off】【楽天ランキング】【父の日】,【秋冬物】,"<!--QRコード-->
<center>
<table width=""355"" border=""0"" cellspacing=""0"" cellpadding=""0"">
<tr>
    <td colspan=""2"" align=""center""><font size=""2"" color=""#800000""><!-- 携帯ポイント企画 --></font><img src=""http://image.rakuten.co.jp/guy0084/cabinet/parts/souryou_bn01.gif"" alt=""送料のご案内"" width=""410"" height=""80"" border=""0""><br><font size=""2"">発送からのお届け予定日時間帯</font></td>
    </tr>
  <tr>
    <td align=""center""><img src=""http://image.rakuten.co.jp/guy0084/cabinet/parts/mobile-cart.gif"" alt=""携帯から注文する"" width=""215"" height=""100"" border=""0"" /></td>
    <td align=""center""><img src=""http://image.rakuten.co.jp/guy0084/cabinet/qr-code-002/13-8065-a.jpg"" alt=""携帯へアクセス"" width=""111"" height=""111"" border=""0""></td>
  </tr>
  </table>
</center>
<!--QRコードend-->
<!--ギフトアイコン-->
<center>
<table border=""0"" cellspacing=""0"" cellpadding=""2"">
<tr>
<td valign=""middle"" nowrap><font size=""-1"">ギフト対応<br>
  詳しくはコチラ</font></td>
<td valign=""baseline"">
<img src=""http://image.rakuten.co.jp/guy0084/cabinet/parts/icon_wrapping.gif"" alt=""ラッピング対応"" width=""100"" height=""21"" hspace=""1"">
<img src=""http://image.rakuten.co.jp/guy0084/cabinet/parts/icon_noshi.gif"" alt=""のし対応"" width=""100"" height=""21"" hspace=""1"">
<img src=""http://image.rakuten.co.jp/guy0084/cabinet/parts/icon_noshi_kimei.gif"" alt=""のし記名可"" width=""100"" height=""21"" hspace=""1""></td>
</tr>
</table>
<br><img src=""http://www.rakuten.ne.jp/gold/guy0084/parts/space.gif"" width=""1"" height=""10"" alt="""" /><br>
</center>
<!--ギフトアイコンend-->
<center><!--イベント-->
<img src=""http://www.rakuten.ne.jp/gold/guy0084/parts/space.gif"" width=""1"" height=""5"" alt=""""><br>

<table  width=""355"" border=""3"" bordercolor=""#1F0B09"" frame=""box"">
  <tr>
    <td width=""30%""  align=""center"" valign=""middle"" style=""border: 1px solid black;""><font size=""2"">ブランド</font></td>
    <td style=""border: 1px solid black;"" width=""70%""><font size=""2"">AgisM＆R【エィジス エムアンドアール】</font></td>
  </tr>
  <tr>
    <td width=""30%"" height=""8"" align=""center"" style=""border: 1px solid black;""><font size=""2"">サイズ</font></td>
    <td style=""border: 1px solid black;"" width=""70%""><font size=""2"">91,100</font></td>
  </tr>
  <tr>
    <td width=""30%"" align=""center"" valign=""middle"" style=""border: 1px solid black;""><font size=""2"">素材</font></td>
    <td style=""border: 1px solid black;"" width=""70%""><font size=""2"">表　ポリエステル100％</font></td>
  </tr>
  <tr>
    <td width=""30%"" align=""center"" valign=""middle"" style=""border: 1px solid black;""><font size=""2"">カラー</font></td>
    <td style=""border: 1px solid black;"" width=""70%""><font size=""2"">グレー</font></td>
  </tr>
  <tr>
    <td width=""30%"" align=""center"" valign=""middle"" style=""border: 1px solid black;""><font size=""2"">スタイル</font></td>
    <td style=""border: 1px solid black;"" width=""70%""><font size=""2"">ジャケット（ブレザー）、ブルゾン（ジャンバー）<br>ワイシャツ、カッターシャツ<br>ドレスシャツ、ビジネススタイル<br>スーツスタイル、オフィススタイル<br>パーティ、クリスマス、<br>婚活、結婚式、披露宴、２次会</font></td>
  </tr>
  <tr>
    <td width=""30%"" align=""center"" valign=""middle"" style=""border: 1px solid black;""><font size=""2"">洗濯表示</font></td>
    <td width=""70%"" valign=""middle"" style=""border: 1px solid black;"">
<img src=""http://image.rakuten.co.jp/guy0084/cabinet/parts/laundry20.gif"" width=""43"" height=""43"" />
<img src=""http://image.rakuten.co.jp/guy0084/cabinet/parts/laundry02.gif"" width=""43"" height=""43"" />
<img src=""http://image.rakuten.co.jp/guy0084/cabinet/parts/laundry03.gif"" width=""43"" height=""43"" />
<img src=""http://image.rakuten.co.jp/guy0084/cabinet/parts/laundry08.gif"" width=""43"" height=""43"" />
<img src=""http://image.rakuten.co.jp/guy0084/cabinet/parts/laundry00.gif"" width=""43"" height=""43"" />

</td>
  </tr>
  <tr>
    <td colspan=""2"" bgcolor=""#ede4cd"" style=""border: 1px solid black;"" height=""8""><font size=""2"">【Key Word】</font></td>
  </tr>
  <tr>
    <td style=""border: 1px solid black;"" colspan=""2""><font size=""2"">スラックス（ズボン）、2タック、MEN'S（メンズ）<br>ゴルフ、会合、婚活、寄り合い、旅行、ひざ当て付</font></td>
  </tr>
  <tr>
    <td colspan=""2"" bgcolor=""#ede4cd"" style=""border: 1px solid black;"" height=""8""><font size=""2"">ギフト包装、プレゼント包装、のし対応</font></td>
  </tr>
  <tr>
    <td style=""border: 1px solid black;"" colspan=""2""><font size=""2"">お誕生日、昇進祝い、内祝い、バレンタインデー、クリスマス<br>入学祝い、卒業祝い、就職祝い、成人式<br>父の日、敬老の日 等　各種承っております。</font></td>
  </tr>
  <tr>
    <td colspan=""2"" bgcolor=""#000000"" style=""border: 1px solid black;"" height=""8""><font size=""2"" color=""white"">必ずお読みください</font></td>
  </tr>
  <tr>
    <td style=""border: 1px solid black;"" colspan=""2""><font size=""2"">ご使用のモニターによって、商品画像の色が<br>
            異なって見えることがあります。<br>
            あらかじめ、ご了承頂きますよう、お願い申し上げます。<br>
            ご購入の際は、表記カラーをご確認の上<br>
            お買い求めください。<br><br>実店舗での販売も行っている為、<br>ご注文頂いたタイミングによって在庫が無い場合もございます。<br>その際は、メール等でご連絡させて頂きます。<br>ご了承くださいませ。<br><br>
    商品についての詳細はメールor直接店舗の方に<br>お電話下さい。</font></td>
  </tr>
  <tr>
    <td style=""border: 1px solid black;"" colspan=""2""><font size=""2"">ご購入前にサイズ表を必ずご確認ください。<br />
      サイズ表はコチラ</font><br><font size=""-2"">Copyright(C) メンズショップ ガイ All rights reserved.</font></td>
  </tr>
<tr><td style=""border: 1px solid black;"" colspan=""2"" align=""right""><font size=""2"">2011/11/26【入荷】</font></td></tr>
</table>
</center><div align=""center"">

<div align=""center"">
     <img src=""https://image.rakuten.co.jp/guy0084/cabinet/campaign/0506_mara_1000.gif"" alt=""1000円クーポンプレゼント"" width=""616"" height=""120"" border=""0""><br><br>
<img src=""https://image.rakuten.co.jp/guy0084/cabinet/campaign/0506_mara_500.gif"" alt=""500円クーポンプレゼント"" width=""616"" height=""120"" border=""0""><br><br>
<img src=""https://image.rakuten.co.jp/guy0084/cabinet/campaign/0506_mara_300.gif"" alt=""300円クーポンプレゼント"" width=""616"" height=""120"" border=""0""><br><br>
<img src=""https://image.rakuten.co.jp/guy0084/cabinet/campaign/0519_social_cupon.jpg"" alt=""200円クーポンプレゼント"" width=""616"" height=""120"" border=""0""><br><br>
</div>
<p>
<img src=""http://image.rakuten.co.jp/guy0084/cabinet/campaign/cool-sp2016_01-n.jpg"" alt=""クール仕立て"" width=""616"" height=""120"" border=""0"">
</p>
<img src=""http://image.rakuten.co.jp/guy0084/cabinet/parts/welcome-600.gif"" alt=""ご来店ありがとうございます"" width=""600"" height=""30"" border=""0"">
<br><img src=""http://www.rakuten.ne.jp/gold/guy0084/parts/space.gif"" width=""5"" height=""5"" alt=""""><br>
<!--GoQSystemランキング自動更新ツールワイド-->
<table align=""center"" width=""600"" border=""0"" cellpadding=""0"" cellspacing=""0"" bgcolor=""#FFFFFF"">
<tr>
<td>
<table align=""center"" width=""600"" border=""0"" cellpadding=""0"" cellspacing=""0"" bgcolor=""#FFFFFF"">
<tr>
<td align=""center"" valign=""bottom"" bgcolor=""#cccccc""><img src=""http://www.rakuten.ne.jp/gold/guy0084/goqsystem/600rankingtitel.gif"" width=""600"" /></td>
</tr>
</table>
<table align=""center"" width=""596"" border=""0"" cellpadding=""0"" cellspacing=""0"" bgcolor=""#CCCCCC"" style=""border-left:solid;border-left-width:1px;border-right:solid;border-right-width:1px;border-bottom:solid;border-bottom-width:1px;border-color:#CCCCCC;"">
<tr>
<td align=""center"" bgcolor=""#FFFFFF"">
<div class=""ifrm-container"" style=""width:598px;height:460px;overflow:auto;-webkit-overflow-scrolling:touch;"">

</div>
</td>
</tr>
<tr>
<td align=""right"" bgcolor=""#FFFFFF"" style=""padding:2px;"">
<img src=""http://www.rakuten.ne.jp/gold/guy0084/goqsystem/powered_by_banner.gif"" width=""125"" />
</td>
</tr>
</table>
</td>
</tr>
</table>
<!--GoQSystemランキング自動更新ツールワイド-->
</div>",【最終バーゲン】Agis M＆R【エィジス エムアンドアール】ポリエステルスラックス【SALL】【auktn_50off】【楽天ランキング】【父の日】：オーダースーツ ＧＵＹ0084,オーダースーツオーダーシャツドレスシャツレディースオーダーシャツ【最終バーゲン】Agis M＆R【エィジス エムアンドアール】ポリエステルスラックス【SALL】【auktn_50off】【楽天ランキング】【父の日】,【秋冬物】。【最終バーゲン】Agis M＆R【エィジス エムアンドアール】ポリエステルスラックス【SALL】【auktn_50off】【楽天ランキング】【父の日】[rn]
13-87878,http://tshop.r10s.jp/guy0084/cabinet/pants/13-1197-a_m.jpg?fitin=700:700,5511.2000,,メンズファッション > ズボン・パンツ,【最終バーゲン】Agis M＆R【エィジス エムアンドアール】ポリエステルスラックス【SALL】【auktn_50off】【お取り寄せ】【楽天ランキング】【父の日】【2014/9/13】,【秋冬物】,"<!--QRコード-->
<center>
<table width=""355"" border=""0"" cellspacing=""0"" cellpadding=""0"">
<tr>
    <td colspan=""2"" align=""center""><font size=""2"" color=""#800000""><!-- 携帯ポイント企画 --></font><img src=""http://image.rakuten.co.jp/guy0084/cabinet/parts/souryou_bn01.gif"" alt=""送料のご案内"" width=""410"" height=""80"" border=""0""><br><font size=""2"">発送からのお届け予定日時間帯</font></td>
    </tr>
  <tr>
    <td align=""center""><img src=""http://image.rakuten.co.jp/guy0084/cabinet/parts/mobile-cart.gif"" alt=""携帯から注文する"" width=""215"" height=""100"" border=""0"" /></td>
    <td align=""center""><img src=""http://image.rakuten.co.jp/guy0084/cabinet/qr-code-002/13-1197-a.jpg"" alt=""携帯へアクセス"" width=""111"" height=""111"" border=""0""></td>
  </tr>
  </table>
</center>
<!--QRコードend-->
<!--ギフトアイコン-->
<center>
<table border=""0"" cellspacing=""0"" cellpadding=""2"">
<tr>
<td valign=""middle"" nowrap><font size=""-1"">ギフト対応<br>
  詳しくはコチラ</font></td>
<td valign=""baseline"">
<img src=""http://image.rakuten.co.jp/guy0084/cabinet/parts/icon_wrapping.gif"" alt=""ラッピング対応"" width=""100"" height=""21"" hspace=""1"">
<img src=""http://image.rakuten.co.jp/guy0084/cabinet/parts/icon_noshi.gif"" alt=""のし対応"" width=""100"" height=""21"" hspace=""1"">
<img src=""http://image.rakuten.co.jp/guy0084/cabinet/parts/icon_noshi_kimei.gif"" alt=""のし記名可"" width=""100"" height=""21"" hspace=""1""></td>
</tr>
</table>
<br><img src=""http://www.rakuten.ne.jp/gold/guy0084/parts/space.gif"" width=""1"" height=""10"" alt="""" /><br>
</center>
<!--ギフトアイコンend-->
<center><!--イベント-->
<img src=""http://www.rakuten.ne.jp/gold/guy0084/parts/space.gif"" width=""1"" height=""5"" alt=""""><br>

<table  width=""355"" border=""3"" bordercolor=""#1F0B09"" frame=""box"">
  <tr>
    <td width=""30%""  align=""center"" valign=""middle"" style=""border: 1px solid black;""><font size=""2"">ブランド</font></td>
    <td style=""border: 1px solid black;"" width=""70%""><font size=""2"">AgisM＆R【エィジス エムアンドアール】</font></td>
  </tr>
  <tr>
    <td width=""30%"" height=""8"" align=""center"" style=""border: 1px solid black;""><font size=""2"">サイズ</font></td>
    <td style=""border: 1px solid black;"" width=""70%""><font size=""2"">82、85、88、91、94、97、100</font></td>
  </tr>
  <tr>
    <td width=""30%"" align=""center"" valign=""middle"" style=""border: 1px solid black;""><font size=""2"">素材</font></td>
    <td style=""border: 1px solid black;"" width=""70%""><font size=""2"">表　ポリエステル100％</font></td>
  </tr>
  <tr>
    <td width=""30%"" align=""center"" valign=""middle"" style=""border: 1px solid black;""><font size=""2"">カラー</font></td>
    <td style=""border: 1px solid black;"" width=""70%""><font size=""2"">ネイビー/ストライプ</font></td>
  </tr>
  <tr>
    <td width=""30%"" align=""center"" valign=""middle"" style=""border: 1px solid black;""><font size=""2"">スタイル</font></td>
    <td style=""border: 1px solid black;"" width=""70%""><font size=""2"">ジャケット（ブレザー）、ブルゾン（ジャンバー）<br>ワイシャツ、カッターシャツ<br>ドレスシャツ、ビジネススタイル<br>スーツスタイル、オフィススタイル<br>パーティ、クリスマス、<br>婚活、結婚式、披露宴、２次会</font></td>
  </tr>
  <tr>
    <td width=""30%"" align=""center"" valign=""middle"" style=""border: 1px solid black;""><font size=""2"">洗濯表示</font></td>
    <td width=""70%"" valign=""middle"" style=""border: 1px solid black;"">
<img src=""http://image.rakuten.co.jp/guy0084/cabinet/parts/laundry04.gif"" width=""43"" height=""43"" />
<img src=""http://image.rakuten.co.jp/guy0084/cabinet/parts/laundry02.gif"" width=""43"" height=""43"" />
<img src=""http://image.rakuten.co.jp/guy0084/cabinet/parts/laundry03.gif"" width=""43"" height=""43"" />
<img src=""http://image.rakuten.co.jp/guy0084/cabinet/parts/laundry08.gif"" width=""43"" height=""43"" />
<img src=""http://image.rakuten.co.jp/guy0084/cabinet/parts/laundry00.gif"" width=""43"" height=""43"" />

</td>
  </tr>
  <tr>
    <td colspan=""2"" bgcolor=""#ede4cd"" style=""border: 1px solid black;"" height=""8""><font size=""2"">【Key Word】</font></td>
  </tr>
  <tr>
    <td style=""border: 1px solid black;"" colspan=""2""><font size=""2"">スラックス（ズボン）、2タック、MEN'S（メンズ）<br>ゴルフ、会合、婚活、寄り合い、旅行</font></td>
  </tr>
  <tr>
    <td colspan=""2"" bgcolor=""#ede4cd"" style=""border: 1px solid black;"" height=""8""><font size=""2"">ギフト包装、プレゼント包装、のし対応</font></td>
  </tr>
  <tr>
    <td style=""border: 1px solid black;"" colspan=""2""><font size=""2"">お誕生日、昇進祝い、内祝い、バレンタインデー、クリスマス<br>入学祝い、卒業祝い、就職祝い、成人式<br>父の日、敬老の日 等　各種承っております。</font></td>
  </tr>
  <tr>
    <td colspan=""2"" bgcolor=""#000000"" style=""border: 1px solid black;"" height=""8""><font size=""2"" color=""white"">必ずお読みください</font></td>
  </tr>
  <tr>
    <td style=""border: 1px solid black;"" colspan=""2""><font size=""2"">ご使用のモニターによって、商品画像の色が<br>
            異なって見えることがあります。<br>
            あらかじめ、ご了承頂きますよう、お願い申し上げます。<br>
            ご購入の際は、表記カラーをご確認の上<br>
            お買い求めください。<br><br>実店舗での販売も行っている為、<br>ご注文頂いたタイミングによって在庫が無い場合もございます。<br>その際は、メール等でご連絡させて頂きます。<br>ご了承くださいませ。<br><br>
    商品についての詳細はメールor直接店舗の方に<br>お電話下さい。</font></td>
  </tr>
  <tr>
    <td style=""border: 1px solid black;"" colspan=""2""><font size=""2"">ご購入前にサイズ表を必ずご確認ください。<br />
      サイズ表はコチラ</font><br><font size=""-2"">Copyright(C) メンズショップ ガイ All rights reserved.</font></td>
  </tr>
<tr><td style=""border: 1px solid black;"" colspan=""2"" align=""right""><font size=""2"">2014/9/13【再入荷】</font></td></tr>
</table>
</center><div align=""center"">

<div align=""center"">
     <img src=""https://image.rakuten.co.jp/guy0084/cabinet/campaign/0506_mara_1000.gif"" alt=""1000円クーポンプレゼント"" width=""616"" height=""120"" border=""0""><br><br>
<img src=""https://image.rakuten.co.jp/guy0084/cabinet/campaign/0506_mara_500.gif"" alt=""500円クーポンプレゼント"" width=""616"" height=""120"" border=""0""><br><br>
<img src=""https://image.rakuten.co.jp/guy0084/cabinet/campaign/0506_mara_300.gif"" alt=""300円クーポンプレゼント"" width=""616"" height=""120"" border=""0""><br><br>
<img src=""https://image.rakuten.co.jp/guy0084/cabinet/campaign/0519_social_cupon.jpg"" alt=""200円クーポンプレゼント"" width=""616"" height=""120"" border=""0""><br><br>
</div>
<p>
<img src=""http://image.rakuten.co.jp/guy0084/cabinet/campaign/cool-sp2016_01-n.jpg"" alt=""クール仕立て"" width=""616"" height=""120"" border=""0"">
</p>
<img src=""http://image.rakuten.co.jp/guy0084/cabinet/parts/welcome-600.gif"" alt=""ご来店ありがとうございます"" width=""600"" height=""30"" border=""0"">
<br><img src=""http://www.rakuten.ne.jp/gold/guy0084/parts/space.gif"" width=""5"" height=""5"" alt=""""><br>
<!--GoQSystemランキング自動更新ツールワイド-->
<table align=""center"" width=""600"" border=""0"" cellpadding=""0"" cellspacing=""0"" bgcolor=""#FFFFFF"">
<tr>
<td>
<table align=""center"" width=""600"" border=""0"" cellpadding=""0"" cellspacing=""0"" bgcolor=""#FFFFFF"">
<tr>
<td align=""center"" valign=""bottom"" bgcolor=""#cccccc""><img src=""http://www.rakuten.ne.jp/gold/guy0084/goqsystem/600rankingtitel.gif"" width=""600"" /></td>
</tr>
</table>
<table align=""center"" width=""596"" border=""0"" cellpadding=""0"" cellspacing=""0"" bgcolor=""#CCCCCC"" style=""border-left:solid;border-left-width:1px;border-right:solid;border-right-width:1px;border-bottom:solid;border-bottom-width:1px;border-color:#CCCCCC;"">
<tr>
<td align=""center"" bgcolor=""#FFFFFF"">
<div class=""ifrm-container"" style=""width:598px;height:460px;overflow:auto;-webkit-overflow-scrolling:touch;"">

</div>
</td>
</tr>
<tr>
<td align=""right"" bgcolor=""#FFFFFF"" style=""padding:2px;"">
<img src=""http://www.rakuten.ne.jp/gold/guy0084/goqsystem/powered_by_banner.gif"" width=""125"" />
</td>
</tr>
</table>
</td>
</tr>
</table>
<!--GoQSystemランキング自動更新ツールワイド-->
</div>",【最終バーゲン】Agis M＆R【エィジス エムアンドアール】ポリエステルスラックス【SALL】【auktn_50off】【お取り寄せ】【楽天ランキング】【父の日】【2014/9/13】：オーダースーツ ＧＵＹ0084,オーダースーツオーダーシャツドレスシャツレディースオーダーシャツ【最終バーゲン】Agis M＆R【エィジス エムアンドアール】ポリエステルスラックス【SALL】【auktn_50off】【お取り寄せ】【楽天ランキング】【父の日】【2014/9/13】,【秋冬物】。【最終バーゲン】Agis M＆R【エィジス エムアンドアール】ポリエステルスラックス【SALL】【auktn_50off】【お取り寄せ】【楽天ランキング】【父の日】【2014/9/13】[rn]
13-87879,http://tshop.r10s.jp/guy0084/cabinet/pants/13-2577-b_m.jpg?fitin=700:700,5511.2000,,メンズファッション > ズボン・パンツ,【最終バーゲン】Agis M＆R【エィジス エムアンドアール】ポリエステルスラックス【SALL】【auktn_50off】【お取り寄せ】【楽天ランキング】【父の日】,【秋冬物】,"<!--QRコード-->
<center>
<table width=""355"" border=""0"" cellspacing=""0"" cellpadding=""0"">
<tr>
    <td colspan=""2"" align=""center""><font size=""2"" color=""#800000""><!-- 携帯ポイント企画 --></font><img src=""http://image.rakuten.co.jp/guy0084/cabinet/parts/souryou_bn01.gif"" alt=""送料のご案内"" width=""410"" height=""80"" border=""0""><br><font size=""2"">発送からのお届け予定日時間帯</font></td>
    </tr>
  <tr>
    <td align=""center""><img src=""http://image.rakuten.co.jp/guy0084/cabinet/parts/mobile-cart.gif"" alt=""携帯から注文する"" width=""215"" height=""100"" border=""0"" /></td>
    <td align=""center""><img src=""http://image.rakuten.co.jp/guy0084/cabinet/qr-code-002/13-2577-b.jpg"" alt=""携帯へアクセス"" width=""111"" height=""111"" border=""0""></td>
  </tr>
  </table>
</center>
<!--QRコードend-->
<!--ギフトアイコン-->
<center>
<table border=""0"" cellspacing=""0"" cellpadding=""2"">
<tr>
<td valign=""middle"" nowrap><font size=""-1"">ギフト対応<br>
  詳しくはコチラ</font></td>
<td valign=""baseline"">
<img src=""http://image.rakuten.co.jp/guy0084/cabinet/parts/icon_wrapping.gif"" alt=""ラッピング対応"" width=""100"" height=""21"" hspace=""1"">
<img src=""http://image.rakuten.co.jp/guy0084/cabinet/parts/icon_noshi.gif"" alt=""のし対応"" width=""100"" height=""21"" hspace=""1"">
<img src=""http://image.rakuten.co.jp/guy0084/cabinet/parts/icon_noshi_kimei.gif"" alt=""のし記名可"" width=""100"" height=""21"" hspace=""1""></td>
</tr>
</table>
<br><img src=""http://www.rakuten.ne.jp/gold/guy0084/parts/space.gif"" width=""1"" height=""10"" alt="""" /><br>
</center>
<!--ギフトアイコンend-->
<center><!--イベント用-->
<table  width=""355"" border=""3"" bordercolor=""#1F0B09"" frame=""box"">
  <tr>
    <td width=""30%""  align=""center"" valign=""middle"" style=""border: 1px solid black;""><font size=""2"">ブランド</font></td>
    <td style=""border: 1px solid black;"" width=""70%""><font size=""2"">AgisM＆R【エィジス エムアンドアール】</font></td>
  </tr>
  <tr>
    <td width=""30%"" height=""8"" align=""center"" style=""border: 1px solid black;""><font size=""2"">サイズ</font></td>
    <td style=""border: 1px solid black;"" width=""70%""><font size=""2"">82、88、91、94</font></td>
  </tr>
  <tr>
    <td width=""30%"" align=""center"" valign=""middle"" style=""border: 1px solid black;""><font size=""2"">素材</font></td>
    <td style=""border: 1px solid black;"" width=""70%""><font size=""2"">表　ポリエステル100％<br>テイジン　ロンテル糸使用</font></td>
  </tr>
  <tr>
    <td width=""30%"" align=""center"" valign=""middle"" style=""border: 1px solid black;""><font size=""2"">カラー</font></td>
    <td style=""border: 1px solid black;"" width=""70%""><font size=""2"">ネイビー/ストライプ</font></td>
  </tr>
      <tr>
    <td colspan=""2"" bgcolor=""#ede4cd"" style=""border: 1px solid black;"" height=""8""><font size=""2"">【Key Word】</font></td>
  </tr>
  <tr>
    <td style=""border: 1px solid black;"" colspan=""2""><font size=""2"">MEN'S（メンズ）、2タック、<br>
ビジネス、会合、婚活、寄り合い、旅行</font></td>
  </tr>
  <tr>
    <td colspan=""2"" bgcolor=""#ede4cd"" style=""border: 1px solid black;"" height=""8""><font size=""2"">ギフト包装、プレゼント包装、のし対応</font></td>
  </tr>
    <tr>
    <td style=""border: 1px solid black;"" colspan=""2""><font size=""2"">お誕生日、昇進祝い、内祝い、バレンタインデー、クリスマス<br>入学祝い、卒業祝い、就職祝い、成人式<br>父の日、敬老の日 等　各種承っております。</font></td>
  </tr>
  <tr>
    <td colspan=""2"" style=""border: 1px solid black;"" bgcolor=""#990000"" height=""8""><font color=""#FFFFFF"" size=""2"">【注意事項】</font></td>
  </tr>
  <tr>
    <td style=""border: 1px solid black;"" colspan=""2""><font size=""2"">コチラの商品は一部メーカー取り寄せ商品の為、<br>発送に５営業日かかる場合がございます。<br><br>在庫の管理には万全を期しておりますが、メーカーでの<br>在庫状況（完売）により、ご注文を変更またはキャンセル<br>させて頂く場合がございます事を予めご了承くださいませ。</font></td>
  </tr> 
  <tr>
    <td colspan=""2"" bgcolor=""#000000"" style=""border: 1px solid black;"" height=""8""><font size=""2"" color=""white"">必ずお読みください</font></td>
  </tr>
  <tr>
    <td style=""border: 1px solid black;"" colspan=""2""><font size=""2"">ご使用のモニターによって、商品画像の色が<br>
            異なって見えることがあります。<br>
            あらかじめ、ご了承頂きますよう、お願い申し上げます。<br>
            ご購入の際は、表記カラーをご確認の上<br>
            お買い求めください。<br><br>実店舗での販売も行っている為、<br>ご注文頂いたタイミングによって在庫が無い場合もございます。<br>その際は、メール等でご連絡させて頂きます。<br>ご了承くださいませ。<br><br>
    商品についての詳細はメールor直接店舗の方に<br>お電話下さい。</font></td>
  </tr>
  <tr>
    <td style=""border: 1px solid black;"" colspan=""2""><font size=""2"">ご購入前にサイズ表を必ずご確認ください。<br />
      サイズ表はコチラ</font><br><font size=""-2"">Copyright(C) メンズショップ ガイ All rights reserved.</font></td>
  </tr>
<tr><td style=""border: 1px solid black;"" colspan=""2"" align=""right""><font size=""2"">2014/9/4【入荷】</font></td></tr>
</table>
</center><div align=""center"">

<div align=""center"">
     <img src=""https://image.rakuten.co.jp/guy0084/cabinet/campaign/0506_mara_1000.gif"" alt=""1000円クーポンプレゼント"" width=""616"" height=""120"" border=""0""><br><br>
<img src=""https://image.rakuten.co.jp/guy0084/cabinet/campaign/0506_mara_500.gif"" alt=""500円クーポンプレゼント"" width=""616"" height=""120"" border=""0""><br><br>
<img src=""https://image.rakuten.co.jp/guy0084/cabinet/campaign/0506_mara_300.gif"" alt=""300円クーポンプレゼント"" width=""616"" height=""120"" border=""0""><br><br>
<img src=""https://image.rakuten.co.jp/guy0084/cabinet/campaign/0519_social_cupon.jpg"" alt=""200円クーポンプレゼント"" width=""616"" height=""120"" border=""0""><br><br>
</div>
<p>
<img src=""http://image.rakuten.co.jp/guy0084/cabinet/campaign/cool-sp2016_01-n.jpg"" alt=""クール仕立て"" width=""616"" height=""120"" border=""0"">
</p>
<img src=""http://image.rakuten.co.jp/guy0084/cabinet/parts/welcome-600.gif"" alt=""ご来店ありがとうございます"" width=""600"" height=""30"" border=""0"">
<br><img src=""http://www.rakuten.ne.jp/gold/guy0084/parts/space.gif"" width=""5"" height=""5"" alt=""""><br>
<!--GoQSystemランキング自動更新ツールワイド-->
<table align=""center"" width=""600"" border=""0"" cellpadding=""0"" cellspacing=""0"" bgcolor=""#FFFFFF"">
<tr>
<td>
<table align=""center"" width=""600"" border=""0"" cellpadding=""0"" cellspacing=""0"" bgcolor=""#FFFFFF"">
<tr>
<td align=""center"" valign=""bottom"" bgcolor=""#cccccc""><img src=""http://www.rakuten.ne.jp/gold/guy0084/goqsystem/600rankingtitel.gif"" width=""600"" /></td>
</tr>
</table>
<table align=""center"" width=""596"" border=""0"" cellpadding=""0"" cellspacing=""0"" bgcolor=""#CCCCCC"" style=""border-left:solid;border-left-width:1px;border-right:solid;border-right-width:1px;border-bottom:solid;border-bottom-width:1px;border-color:#CCCCCC;"">
<tr>
<td align=""center"" bgcolor=""#FFFFFF"">
<div class=""ifrm-container"" style=""width:598px;height:460px;overflow:auto;-webkit-overflow-scrolling:touch;"">

</div>
</td>
</tr>
<tr>
<td align=""right"" bgcolor=""#FFFFFF"" style=""padding:2px;"">
<img src=""http://www.rakuten.ne.jp/gold/guy0084/goqsystem/powered_by_banner.gif"" width=""125"" />
</td>
</tr>
</table>
</td>
</tr>
</table>
<!--GoQSystemランキング自動更新ツールワイド-->
</div>",【最終バーゲン】Agis M＆R【エィジス エムアンドアール】ポリエステルスラックス【SALL】【auktn_50off】【お取り寄せ】【楽天ランキング】【父の日】：オーダースーツ ＧＵＹ0084,オーダースーツオーダーシャツドレスシャツレディースオーダーシャツ【最終バーゲン】Agis M＆R【エィジス エムアンドアール】ポリエステルスラックス【SALL】【auktn_50off】【お取り寄せ】【楽天ランキング】【父の日】,【秋冬物】。【最終バーゲン】Agis M＆R【エィジス エムアンドアール】ポリエステルスラックス【SALL】【auktn_50off】【お取り寄せ】【楽天ランキング】【父の日】[rn]
13-87880,http://tshop.r10s.jp/guy0084/cabinet/pants/13-6177-b_m.jpg?fitin=700:700,5511.2000,,メンズファッション > ズボン・パンツ,【最終バーゲン】Agis M＆R【エィジス エムアンドアール】ポリエステルスラックス【SALL】【auktn_50off】【お取り寄せ】【楽天ランキング】【父の日】,【秋冬物】,"<!--QRコード-->
<center>
<table width=""355"" border=""0"" cellspacing=""0"" cellpadding=""0"">
<tr>
    <td colspan=""2"" align=""center""><font size=""2"" color=""#800000""><!-- 携帯ポイント企画 --></font><img src=""http://image.rakuten.co.jp/guy0084/cabinet/parts/souryou_bn01.gif"" alt=""送料のご案内"" width=""410"" height=""80"" border=""0""><br><font size=""2"">発送からのお届け予定日時間帯</font></td>
    </tr>
  <tr>
    <td align=""center""><img src=""http://image.rakuten.co.jp/guy0084/cabinet/parts/mobile-cart.gif"" alt=""携帯から注文する"" width=""215"" height=""100"" border=""0"" /></td>
    <td align=""center""><img src=""http://image.rakuten.co.jp/guy0084/cabinet/qr-code-002/13-6177-b.jpg"" alt=""携帯へアクセス"" width=""111"" height=""111"" border=""0""></td>
  </tr>
  </table>
</center>
<!--QRコードend-->
<!--ギフトアイコン-->
<center>
<table border=""0"" cellspacing=""0"" cellpadding=""2"">
<tr>
<td valign=""middle"" nowrap><font size=""-1"">ギフト対応<br>
  詳しくはコチラ</font></td>
<td valign=""baseline"">
<img src=""http://image.rakuten.co.jp/guy0084/cabinet/parts/icon_wrapping.gif"" alt=""ラッピング対応"" width=""100"" height=""21"" hspace=""1"">
<img src=""http://image.rakuten.co.jp/guy0084/cabinet/parts/icon_noshi.gif"" alt=""のし対応"" width=""100"" height=""21"" hspace=""1"">
<img src=""http://image.rakuten.co.jp/guy0084/cabinet/parts/icon_noshi_kimei.gif"" alt=""のし記名可"" width=""100"" height=""21"" hspace=""1""></td>
</tr>
</table>
<br><img src=""http://www.rakuten.ne.jp/gold/guy0084/parts/space.gif"" width=""1"" height=""10"" alt="""" /><br>
</center>
<!--ギフトアイコンend-->
<center><!--イベント-->
<img src=""http://www.rakuten.ne.jp/gold/guy0084/parts/space.gif"" width=""1"" height=""5"" alt=""""><br>

<table  width=""355"" border=""3"" bordercolor=""#1F0B09"" frame=""box"">
  <tr>
    <td width=""30%""  align=""center"" valign=""middle"" style=""border: 1px solid black;""><font size=""2"">ブランド</font></td>
    <td style=""border: 1px solid black;"" width=""70%""><font size=""2"">AgisM＆R【エィジス エムアンドアール】</font></td>
  </tr>
  <tr>
    <td width=""30%"" height=""8"" align=""center"" style=""border: 1px solid black;""><font size=""2"">サイズ</font></td>
    <td style=""border: 1px solid black;"" width=""70%""><font size=""2"">85、91、94、97、100</font></td>
  </tr>
  <tr>
    <td width=""30%"" align=""center"" valign=""middle"" style=""border: 1px solid black;""><font size=""2"">素材</font></td>
    <td style=""border: 1px solid black;"" width=""70%""><font size=""2"">表　ポリエステル100％</font></td>
  </tr>
  <tr>
    <td width=""30%"" align=""center"" valign=""middle"" style=""border: 1px solid black;""><font size=""2"">カラー</font></td>
    <td style=""border: 1px solid black;"" width=""70%""><font size=""2"">ネイビー</font></td>
  </tr>
  <tr>
    <td width=""30%"" align=""center"" valign=""middle"" style=""border: 1px solid black;""><font size=""2"">スタイル</font></td>
    <td style=""border: 1px solid black;"" width=""70%""><font size=""2"">ジャケット（ブレザー）、ブルゾン（ジャンバー）<br>ワイシャツ、カッターシャツ<br>ドレスシャツ、ビジネススタイル<br>スーツスタイル、オフィススタイル<br>パーティ、クリスマス、<br>婚活、結婚式、披露宴、２次会</font></td>
  </tr>
  <tr>
    <td width=""30%"" align=""center"" valign=""middle"" style=""border: 1px solid black;""><font size=""2"">洗濯表示</font></td>
    <td width=""70%"" valign=""middle"" style=""border: 1px solid black;"">
<img src=""http://image.rakuten.co.jp/guy0084/cabinet/parts/laundry04.gif"" width=""43"" height=""43"" />
<img src=""http://image.rakuten.co.jp/guy0084/cabinet/parts/laundry02.gif"" width=""43"" height=""43"" />
<img src=""http://image.rakuten.co.jp/guy0084/cabinet/parts/laundry03.gif"" width=""43"" height=""43"" />
<img src=""http://image.rakuten.co.jp/guy0084/cabinet/parts/laundry08.gif"" width=""43"" height=""43"" />
<img src=""http://image.rakuten.co.jp/guy0084/cabinet/parts/laundry00.gif"" width=""43"" height=""43"" />

</td>
  </tr>
  <tr>
    <td colspan=""2"" bgcolor=""#ede4cd"" style=""border: 1px solid black;"" height=""8""><font size=""2"">【Key Word】</font></td>
  </tr>
  <tr>
    <td style=""border: 1px solid black;"" colspan=""2""><font size=""2"">スラックス（ズボン）、2タック、MEN'S（メンズ）<br>ゴルフ、会合、婚活、寄り合い、旅行</font></td>
  </tr>
  <tr>
    <td colspan=""2"" bgcolor=""#ede4cd"" style=""border: 1px solid black;"" height=""8""><font size=""2"">ギフト包装、プレゼント包装、のし対応</font></td>
  </tr>
  <tr>
    <td style=""border: 1px solid black;"" colspan=""2""><font size=""2"">お誕生日、昇進祝い、内祝い、バレンタインデー、クリスマス<br>入学祝い、卒業祝い、就職祝い、成人式<br>父の日、敬老の日 等　各種承っております。</font></td>
  </tr>
  <tr>
    <td colspan=""2"" bgcolor=""#000000"" style=""border: 1px solid black;"" height=""8""><font size=""2"" color=""white"">必ずお読みください</font></td>
  </tr>
  <tr>
    <td style=""border: 1px solid black;"" colspan=""2""><font size=""2"">ご使用のモニターによって、商品画像の色が<br>
            異なって見えることがあります。<br>
            あらかじめ、ご了承頂きますよう、お願い申し上げます。<br>
            ご購入の際は、表記カラーをご確認の上<br>
            お買い求めください。<br><br>実店舗での販売も行っている為、<br>ご注文頂いたタイミングによって在庫が無い場合もございます。<br>その際は、メール等でご連絡させて頂きます。<br>ご了承くださいませ。<br><br>
    商品についての詳細はメールor直接店舗の方に<br>お電話下さい。</font></td>
  </tr>
  <tr>
    <td style=""border: 1px solid black;"" colspan=""2""><font size=""2"">ご購入前にサイズ表を必ずご確認ください。<br />
      サイズ表はコチラ</font><br><font size=""-2"">Copyright(C) メンズショップ ガイ All rights reserved.</font></td>
  </tr>
<tr><td style=""border: 1px solid black;"" colspan=""2"" align=""right""><font size=""2"">2011/11/26【入荷】</font></td></tr>
</table>
</center><div align=""center"">

<div align=""center"">
     <img src=""https://image.rakuten.co.jp/guy0084/cabinet/campaign/0506_mara_1000.gif"" alt=""1000円クーポンプレゼント"" width=""616"" height=""120"" border=""0""><br><br>
<img src=""https://image.rakuten.co.jp/guy0084/cabinet/campaign/0506_mara_500.gif"" alt=""500円クーポンプレゼント"" width=""616"" height=""120"" border=""0""><br><br>
<img src=""https://image.rakuten.co.jp/guy0084/cabinet/campaign/0506_mara_300.gif"" alt=""300円クーポンプレゼント"" width=""616"" height=""120"" border=""0""><br><br>
<img src=""https://image.rakuten.co.jp/guy0084/cabinet/campaign/0519_social_cupon.jpg"" alt=""200円クーポンプレゼント"" width=""616"" height=""120"" border=""0""><br><br>
</div>
<p>
<img src=""http://image.rakuten.co.jp/guy0084/cabinet/campaign/cool-sp2016_01-n.jpg"" alt=""クール仕立て"" width=""616"" height=""120"" border=""0"">
</p>
<img src=""http://image.rakuten.co.jp/guy0084/cabinet/parts/welcome-600.gif"" alt=""ご来店ありがとうございます"" width=""600"" height=""30"" border=""0"">
<br><img src=""http://www.rakuten.ne.jp/gold/guy0084/parts/space.gif"" width=""5"" height=""5"" alt=""""><br>
<!--GoQSystemランキング自動更新ツールワイド-->
<table align=""center"" width=""600"" border=""0"" cellpadding=""0"" cellspacing=""0"" bgcolor=""#FFFFFF"">
<tr>
<td>
<table align=""center"" width=""600"" border=""0"" cellpadding=""0"" cellspacing=""0"" bgcolor=""#FFFFFF"">
<tr>
<td align=""center"" valign=""bottom"" bgcolor=""#cccccc""><img src=""http://www.rakuten.ne.jp/gold/guy0084/goqsystem/600rankingtitel.gif"" width=""600"" /></td>
</tr>
</table>
<table align=""center"" width=""596"" border=""0"" cellpadding=""0"" cellspacing=""0"" bgcolor=""#CCCCCC"" style=""border-left:solid;border-left-width:1px;border-right:solid;border-right-width:1px;border-bottom:solid;border-bottom-width:1px;border-color:#CCCCCC;"">
<tr>
<td align=""center"" bgcolor=""#FFFFFF"">
<div class=""ifrm-container"" style=""width:598px;height:460px;overflow:auto;-webkit-overflow-scrolling:touch;"">

</div>
</td>
</tr>
<tr>
<td align=""right"" bgcolor=""#FFFFFF"" style=""padding:2px;"">
<img src=""http://www.rakuten.ne.jp/gold/guy0084/goqsystem/powered_by_banner.gif"" width=""125"" />
</td>
</tr>
</table>
</td>
</tr>
</table>
<!--GoQSystemランキング自動更新ツールワイド-->
</div>",【最終バーゲン】Agis M＆R【エィジス エムアンドアール】ポリエステルスラックス【SALL】【auktn_50off】【お取り寄せ】【楽天ランキング】【父の日】：オーダースーツ ＧＵＹ0084,オーダースーツオーダーシャツドレスシャツレディースオーダーシャツ【最終バーゲン】Agis M＆R【エィジス エムアンドアール】ポリエステルスラックス【SALL】【auktn_50off】【お取り寄せ】【楽天ランキング】【父の日】,【秋冬物】。【最終バーゲン】Agis M＆R【エィジス エムアンドアール】ポリエステルスラックス【SALL】【auktn_50off】【お取り寄せ】【楽天ランキング】【父の日】[rn]
13-87881,http://tshop.r10s.jp/guy0084/cabinet/pants/13-3197-c_m.jpg?fitin=700:700,5511.2000,,メンズファッション > ズボン・パンツ,【最終バーゲン】Agis M＆R【エィジス エムアンドアール】ポリエステルスラックス【SALL】【auktn_50off】【お取り寄せ】【楽天ランキング】【父の日】,【秋冬物】,"<!--QRコード-->
<center>
<table width=""355"" border=""0"" cellspacing=""0"" cellpadding=""0"">
<tr>
    <td colspan=""2"" align=""center""><font size=""2"" color=""#800000""><!-- 携帯ポイント企画 --></font><img src=""http://image.rakuten.co.jp/guy0084/cabinet/parts/souryou_bn01.gif"" alt=""送料のご案内"" width=""410"" height=""80"" border=""0""><br><font size=""2"">発送からのお届け予定日時間帯</font></td>
    </tr>
  <tr>
    <td align=""center""><img src=""http://image.rakuten.co.jp/guy0084/cabinet/parts/mobile-cart.gif"" alt=""携帯から注文する"" width=""215"" height=""100"" border=""0"" /></td>
    <td align=""center""><img src=""http://image.rakuten.co.jp/guy0084/cabinet/qr-code-004/13-3197-c.jpg"" alt=""携帯へアクセス"" width=""111"" height=""111"" border=""0""></td>
  </tr>
  </table>
</center>
<!--QRコードend-->
<!--ギフトアイコン-->
<center>
<table border=""0"" cellspacing=""0"" cellpadding=""2"">
<tr>
<td valign=""middle"" nowrap><font size=""-1"">ギフト対応<br>
  詳しくはコチラ</font></td>
<td valign=""baseline"">
<img src=""http://image.rakuten.co.jp/guy0084/cabinet/parts/icon_wrapping.gif"" alt=""ラッピング対応"" width=""100"" height=""21"" hspace=""1"">
<img src=""http://image.rakuten.co.jp/guy0084/cabinet/parts/icon_noshi.gif"" alt=""のし対応"" width=""100"" height=""21"" hspace=""1"">
<img src=""http://image.rakuten.co.jp/guy0084/cabinet/parts/icon_noshi_kimei.gif"" alt=""のし記名可"" width=""100"" height=""21"" hspace=""1""></td>
</tr>
</table>
<br><img src=""http://www.rakuten.ne.jp/gold/guy0084/parts/space.gif"" width=""1"" height=""10"" alt="""" /><br>
</center>
<!--ギフトアイコンend-->
<center><!--イベント-->
<img src=""http://www.rakuten.ne.jp/gold/guy0084/parts/space.gif"" width=""1"" height=""5"" alt=""""><br>

<table  width=""355"" border=""3"" bordercolor=""#1F0B09"" frame=""box"">
  <tr>
    <td width=""30%""  align=""center"" valign=""middle"" style=""border: 1px solid black;""><font size=""2"">ブランド</font></td>
    <td style=""border: 1px solid black;"" width=""70%""><font size=""2"">AgisM＆R【エィジス エムアンドアール】</font></td>
  </tr>
  <tr>
    <td width=""30%"" height=""8"" align=""center"" style=""border: 1px solid black;""><font size=""2"">サイズ</font></td>
    <td style=""border: 1px solid black;"" width=""70%""><font size=""2"">82、85</font></td>
  </tr>
  <tr>
    <td width=""30%"" align=""center"" valign=""middle"" style=""border: 1px solid black;""><font size=""2"">素材</font></td>
    <td style=""border: 1px solid black;"" width=""70%""><font size=""2"">表　ポリエステル100％</font></td>
  </tr>
  <tr>
    <td width=""30%"" align=""center"" valign=""middle"" style=""border: 1px solid black;""><font size=""2"">カラー</font></td>
    <td style=""border: 1px solid black;"" width=""70%""><font size=""2"">グレー</font></td>
  </tr>
  <tr>
    <td width=""30%"" align=""center"" valign=""middle"" style=""border: 1px solid black;""><font size=""2"">スタイル</font></td>
    <td style=""border: 1px solid black;"" width=""70%""><font size=""2"">ジャケット（ブレザー）、ブルゾン（ジャンバー）<br>ワイシャツ、カッターシャツ<br>ドレスシャツ、ビジネススタイル<br>スーツスタイル、オフィススタイル<br>パーティ、クリスマス、<br>婚活、結婚式、披露宴、２次会</font></td>
  </tr>
  <tr>
    <td width=""30%"" align=""center"" valign=""middle"" style=""border: 1px solid black;""><font size=""2"">洗濯表示</font></td>
    <td width=""70%"" valign=""middle"" style=""border: 1px solid black;"">
<img src=""http://image.rakuten.co.jp/guy0084/cabinet/parts/laundry04.gif"" width=""43"" height=""43"" />
<img src=""http://image.rakuten.co.jp/guy0084/cabinet/parts/laundry02.gif"" width=""43"" height=""43"" />
<img src=""http://image.rakuten.co.jp/guy0084/cabinet/parts/laundry03.gif"" width=""43"" height=""43"" />
<img src=""http://image.rakuten.co.jp/guy0084/cabinet/parts/laundry08.gif"" width=""43"" height=""43"" />
<img src=""http://image.rakuten.co.jp/guy0084/cabinet/parts/laundry00.gif"" width=""43"" height=""43"" />

</td>
  </tr>
  <tr>
    <td colspan=""2"" bgcolor=""#ede4cd"" style=""border: 1px solid black;"" height=""8""><font size=""2"">【Key Word】</font></td>
  </tr>
  <tr>
    <td style=""border: 1px solid black;"" colspan=""2""><font size=""2"">スラックス（ズボン）、2タック、MEN'S（メンズ）<br>ゴルフ、会合、婚活、寄り合い、旅行</font></td>
  </tr>
  <tr>
    <td colspan=""2"" bgcolor=""#ede4cd"" style=""border: 1px solid black;"" height=""8""><font size=""2"">ギフト包装、プレゼント包装、のし対応</font></td>
  </tr>
  <tr>
    <td style=""border: 1px solid black;"" colspan=""2""><font size=""2"">お誕生日、昇進祝い、内祝い、バレンタインデー、クリスマス<br>入学祝い、卒業祝い、就職祝い、成人式<br>父の日、敬老の日 等　各種承っております。</font></td>
  </tr>
  <tr>
    <td colspan=""2"" bgcolor=""#000000"" style=""border: 1px solid black;"" height=""8""><font size=""2"" color=""white"">必ずお読みください</font></td>
  </tr>
  <tr>
    <td style=""border: 1px solid black;"" colspan=""2""><font size=""2"">ご使用のモニターによって、商品画像の色が<br>
            異なって見えることがあります。<br>
            あらかじめ、ご了承頂きますよう、お願い申し上げます。<br>
            ご購入の際は、表記カラーをご確認の上<br>
            お買い求めください。<br><br>実店舗での販売も行っている為、<br>ご注文頂いたタイミングによって在庫が無い場合もございます。<br>その際は、メール等でご連絡させて頂きます。<br>ご了承くださいませ。<br><br>
    商品についての詳細はメールor直接店舗の方に<br>お電話下さい。</font></td>
  </tr>
  <tr>
    <td style=""border: 1px solid black;"" colspan=""2""><font size=""2"">ご購入前にサイズ表を必ずご確認ください。<br />
      サイズ表はコチラ</font><br><font size=""-2"">Copyright(C) メンズショップ ガイ All rights reserved.</font></td>
  </tr>
<tr><td style=""border: 1px solid black;"" colspan=""2"" align=""right""><font size=""2"">2011/11/20【入荷】</font></td></tr>
</table>
</center><div align=""center"">

<div align=""center"">
     <img src=""https://image.rakuten.co.jp/guy0084/cabinet/campaign/0506_mara_1000.gif"" alt=""1000円クーポンプレゼント"" width=""616"" height=""120"" border=""0""><br><br>
<img src=""https://image.rakuten.co.jp/guy0084/cabinet/campaign/0506_mara_500.gif"" alt=""500円クーポンプレゼント"" width=""616"" height=""120"" border=""0""><br><br>
<img src=""https://image.rakuten.co.jp/guy0084/cabinet/campaign/0506_mara_300.gif"" alt=""300円クーポンプレゼント"" width=""616"" height=""120"" border=""0""><br><br>
<img src=""https://image.rakuten.co.jp/guy0084/cabinet/campaign/0519_social_cupon.jpg"" alt=""200円クーポンプレゼント"" width=""616"" height=""120"" border=""0""><br><br>
</div>
<p>
<img src=""http://image.rakuten.co.jp/guy0084/cabinet/campaign/cool-sp2016_01-n.jpg"" alt=""クール仕立て"" width=""616"" height=""120"" border=""0"">
</p>
<img src=""http://image.rakuten.co.jp/guy0084/cabinet/parts/welcome-600.gif"" alt=""ご来店ありがとうございます"" width=""600"" height=""30"" border=""0"">
<br><img src=""http://www.rakuten.ne.jp/gold/guy0084/parts/space.gif"" width=""5"" height=""5"" alt=""""><br>
<!--GoQSystemランキング自動更新ツールワイド-->
<table align=""center"" width=""600"" border=""0"" cellpadding=""0"" cellspacing=""0"" bgcolor=""#FFFFFF"">
<tr>
<td>
<table align=""center"" width=""600"" border=""0"" cellpadding=""0"" cellspacing=""0"" bgcolor=""#FFFFFF"">
<tr>
<td align=""center"" valign=""bottom"" bgcolor=""#cccccc""><img src=""http://www.rakuten.ne.jp/gold/guy0084/goqsystem/600rankingtitel.gif"" width=""600"" /></td>
</tr>
</table>
<table align=""center"" width=""596"" border=""0"" cellpadding=""0"" cellspacing=""0"" bgcolor=""#CCCCCC"" style=""border-left:solid;border-left-width:1px;border-right:solid;border-right-width:1px;border-bottom:solid;border-bottom-width:1px;border-color:#CCCCCC;"">
<tr>
<td align=""center"" bgcolor=""#FFFFFF"">
<div class=""ifrm-container"" style=""width:598px;height:460px;overflow:auto;-webkit-overflow-scrolling:touch;"">

</div>
</td>
</tr>
<tr>
<td align=""right"" bgcolor=""#FFFFFF"" style=""padding:2px;"">
<img src=""http://www.rakuten.ne.jp/gold/guy0084/goqsystem/powered_by_banner.gif"" width=""125"" />
</td>
</tr>
</table>
</td>
</tr>
</table>
<!--GoQSystemランキング自動更新ツールワイド-->
</div>",【最終バーゲン】Agis M＆R【エィジス エムアンドアール】ポリエステルスラックス【SALL】【auktn_50off】【お取り寄せ】【楽天ランキング】【父の日】：オーダースーツ ＧＵＹ0084,オーダースーツオーダーシャツドレスシャツレディースオーダーシャツ【最終バーゲン】Agis M＆R【エィジス エムアンドアール】ポリエステルスラックス【SALL】【auktn_50off】【お取り寄せ】【楽天ランキング】【父の日】,【秋冬物】。【最終バーゲン】Agis M＆R【エィジス エムアンドアール】ポリエステルスラックス【SALL】【auktn_50off】【お取り寄せ】【楽天ランキング】【父の日】[rn]
13-87882,http://tshop.r10s.jp/guy0084/cabinet/pants/13-8093-b_m.jpg?fitin=700:700,5517.6000,,メンズファッション > ズボン・パンツ,Agis M＆R【エィジス エムアンドアール】スラックス【グレー】【SALL】【auktn_50off】【楽天ランキング】【父の日】【お取り寄せ】,【バーゲン】,"<!--QRコード-->
<center>
<table width=""355"" border=""0"" cellspacing=""0"" cellpadding=""0"">
<tr>
    <td colspan=""2"" align=""center""><font size=""2"" color=""#800000""><!-- 携帯ポイント企画 --></font><img src=""http://image.rakuten.co.jp/guy0084/cabinet/parts/souryou_bn01.gif"" alt=""送料のご案内"" width=""410"" height=""80"" border=""0""><br><font size=""2"">発送からのお届け予定日時間帯</font></td>
    </tr>
  <tr>
    <td align=""center""><img src=""http://image.rakuten.co.jp/guy0084/cabinet/parts/mobile-cart.gif"" alt=""携帯から注文する"" width=""215"" height=""100"" border=""0"" /></td>
    <td align=""center""><img src=""http://image.rakuten.co.jp/guy0084/cabinet/qr-code-001/13-8093-b.jpg"" alt=""携帯へアクセス"" width=""111"" height=""111"" border=""0""></td>
  </tr>
  </table>
</center>
<!--QRコードend-->
<!--ギフトアイコン-->
<center>
<table border=""0"" cellspacing=""0"" cellpadding=""2"">
<tr>
<td valign=""middle"" nowrap><font size=""-1"">ギフト対応<br>
  詳しくはコチラ</font></td>
<td valign=""baseline"">
<img src=""http://image.rakuten.co.jp/guy0084/cabinet/parts/icon_wrapping.gif"" alt=""ラッピング対応"" width=""100"" height=""21"" hspace=""1"">
<img src=""http://image.rakuten.co.jp/guy0084/cabinet/parts/icon_noshi.gif"" alt=""のし対応"" width=""100"" height=""21"" hspace=""1"">
<img src=""http://image.rakuten.co.jp/guy0084/cabinet/parts/icon_noshi_kimei.gif"" alt=""のし記名可"" width=""100"" height=""21"" hspace=""1""></td>
</tr>
</table>
<br><img src=""http://www.rakuten.ne.jp/gold/guy0084/parts/space.gif"" width=""1"" height=""10"" alt="""" /><br>
</center>
<!--ギフトアイコンend-->
<center><!--イベント-->
<img src=""http://www.rakuten.ne.jp/gold/guy0084/parts/space.gif"" width=""1"" height=""5"" alt=""""><br>

<table  width=""355"" border=""3"" bordercolor=""#1F0B09"" frame=""box"">
  <tr>
    <td width=""30%""  align=""center"" valign=""middle"" style=""border: 1px solid black;""><font size=""2"">ブランド</font></td>
    <td style=""border: 1px solid black;"" width=""70%""><font size=""2"">Agis M&R【エィジス エムアンドアール】</font></td>
  </tr>
  <tr>
    <td width=""30%"" height=""8"" align=""center"" style=""border: 1px solid black;""><font size=""2"">サイズ</font></td>
    <td style=""border: 1px solid black;"" width=""70%""><font size=""2"">76、79、82、85、88、91、94、97、100</font></td>
  </tr>
  <tr>
    <td width=""30%"" align=""center"" valign=""middle"" style=""border: 1px solid black;""><font size=""2"">素材</font></td>
    <td style=""border: 1px solid black;"" width=""70%""><font size=""2"">ポリエステル50％　ウール50％</font></td>
  </tr>
  <tr>
    <td width=""30%"" align=""center"" valign=""middle"" style=""border: 1px solid black;""><font size=""2"">カラー</font></td>
    <td style=""border: 1px solid black;"" width=""70%""><font size=""2"">ライトグレー×ブラック</font></td>
  </tr>
  <tr>
    <td width=""30%"" align=""center"" valign=""middle"" style=""border: 1px solid black;""><font size=""2"">スタイル</font></td>
    <td style=""border: 1px solid black;"" width=""70%""><font size=""2"">スーツ、ワイシャツ、カッターシャツ、ドレスシャツ<br>ビジネススタイル、オフィススタイル、スーツスタイル<br>パーティ、クリスマス、フレッシュマン、入社式、入学式、<br>卒業式、就職活動、婚活、結婚式、披露宴、２次会</font></td>
  </tr>
  <tr>
    <td width=""30%"" align=""center"" valign=""middle"" style=""border: 1px solid black;""><font size=""2"">洗濯表示</font></td>
    <td width=""70%"" valign=""middle"" style=""border: 1px solid black;"">
<img src=""http://image.rakuten.co.jp/guy0084/cabinet/parts/laundry04.gif"" width=""43"" height=""43"" />
<img src=""http://image.rakuten.co.jp/guy0084/cabinet/parts/laundry02.gif"" width=""43"" height=""43"" />
<img src=""http://image.rakuten.co.jp/guy0084/cabinet/parts/laundry03.gif"" width=""43"" height=""43"" />
<img src=""http://image.rakuten.co.jp/guy0084/cabinet/parts/laundry08.gif"" width=""43"" height=""43"" />
<img src=""http://image.rakuten.co.jp/guy0084/cabinet/parts/laundry00.gif"" width=""43"" height=""43"" />

</td>
  </tr>
  <tr>
    <td colspan=""2"" bgcolor=""#ede4cd"" style=""border: 1px solid black;"" height=""8""><font size=""2"">【Key Word】</font></td>
  </tr>
  <tr>
    <td style=""border: 1px solid black;"" colspan=""2""><font size=""2"">MEN'S（メンズ）<br>ゴルフ、会合、婚活、寄り合い、旅行<br>1タック、ひざ当て付</font></td>
  </tr>
  <tr>
    <td colspan=""2"" bgcolor=""#ede4cd"" style=""border: 1px solid black;"" height=""8""><font size=""2"">ギフト包装、プレゼント包装、のし対応</font></td>
  </tr>
  <tr>
    <td style=""border: 1px solid black;"" colspan=""2""><font size=""2"">お誕生日、昇進祝い、内祝い、バレンタインデー、クリスマス<br>入学祝い、卒業祝い、就職祝い、成人式<br>父の日、敬老の日 等　各種承っております。</font></td>
  </tr>
<tr>
    <td colspan=""2"" style=""border: 1px solid black;"" bgcolor=""#990000"" height=""8""><font color=""#FFFFFF"" size=""2"">【注意事項】</font></td>
  </tr>
  <tr>
    <td style=""border: 1px solid black;"" colspan=""2""><font size=""2"">コチラの商品は一部メーカー取り寄せ商品の為、<br>発送に５営業日かかる場合がございます。<br><br>在庫の管理には万全を期しておりますが、メーカーでの<br>在庫状況（完売）により、ご注文を変更またはキャンセル<br>させて頂く場合がございます事を予めご了承くださいませ。</font></td>
  </tr>
  <tr>
    <td colspan=""2"" bgcolor=""#000000"" style=""border: 1px solid black;"" height=""8""><font size=""2"" color=""white"">必ずお読みください</font></td>
  </tr>
  <tr>
    <td style=""border: 1px solid black;"" colspan=""2""><font size=""2"">ご使用のモニターによって、商品画像の色が<br>
            異なって見えることがあります。<br>
            あらかじめ、ご了承頂きますよう、お願い申し上げます。<br>
            ご購入の際は、表記カラーをご確認の上<br>
            お買い求めください。<br><br>実店舗での販売も行っている為、<br>ご注文頂いたタイミングによって在庫が無い場合もございます。<br>その際は、メール等でご連絡させて頂きます。<br>ご了承くださいませ。<br><br>
    商品についての詳細はメールor直接店舗の方に<br>お電話下さい。</font></td>
  </tr>
  <tr>
    <td style=""border: 1px solid black;"" colspan=""2""><font size=""2"">ご購入前にサイズ表を必ずご確認ください。<br />
      サイズ表はコチラ</font><br><font size=""-2"">Copyright(C) メンズショップ ガイ All rights reserved.</font></td>
  </tr>
<tr><td style=""border: 1px solid black;"" colspan=""2"" align=""right""><font size=""2"">2011/8/7【入荷】</font></td></tr>
</table>
<!カラーリンク>
<br>
<table width=""350"" border=""0"" height=""90"">
  <tr> 
    <td align=""center"" colspan=""2""><font size=""-1"">他のカラーはコチラです</font></td>
  </tr>
  <tr> 
    <td align=""center"" width=""50%""><img src=""http://image.rakuten.co.jp/guy0084/cabinet/pants/13-8093-a_1.jpg"" width=""90"" height=""90"" border=""0"" alt=""グレー×ブラック""> 
      </td>
    <td align=""center"" width=""50%""><img src=""http://image.rakuten.co.jp/guy0084/cabinet/pants/13-8093-b_1.jpg"" width=""90"" height=""90"" border=""0"" alt=""ライトグレー×ブラック""> 
      </td>
  </tr>
</table>
</center><div align=""center"">

<div align=""center"">
     <img src=""https://image.rakuten.co.jp/guy0084/cabinet/campaign/0506_mara_1000.gif"" alt=""1000円クーポンプレゼント"" width=""616"" height=""120"" border=""0""><br><br>
<img src=""https://image.rakuten.co.jp/guy0084/cabinet/campaign/0506_mara_500.gif"" alt=""500円クーポンプレゼント"" width=""616"" height=""120"" border=""0""><br><br>
<img src=""https://image.rakuten.co.jp/guy0084/cabinet/campaign/0506_mara_300.gif"" alt=""300円クーポンプレゼント"" width=""616"" height=""120"" border=""0""><br><br>
<img src=""https://image.rakuten.co.jp/guy0084/cabinet/campaign/0519_social_cupon.jpg"" alt=""200円クーポンプレゼント"" width=""616"" height=""120"" border=""0""><br><br>
</div>
<p>
<img src=""http://image.rakuten.co.jp/guy0084/cabinet/campaign/cool-sp2016_01-n.jpg"" alt=""クール仕立て"" width=""616"" height=""120"" border=""0"">
</p>
<img src=""http://image.rakuten.co.jp/guy0084/cabinet/parts/welcome-600.gif"" alt=""ご来店ありがとうございます"" width=""600"" height=""30"" border=""0"">
<br><img src=""http://www.rakuten.ne.jp/gold/guy0084/parts/space.gif"" width=""5"" height=""5"" alt=""""><br>
<!--GoQSystemランキング自動更新ツールワイド-->
<table align=""center"" width=""600"" border=""0"" cellpadding=""0"" cellspacing=""0"" bgcolor=""#FFFFFF"">
<tr>
<td>
<table align=""center"" width=""600"" border=""0"" cellpadding=""0"" cellspacing=""0"" bgcolor=""#FFFFFF"">
<tr>
<td align=""center"" valign=""bottom"" bgcolor=""#cccccc""><img src=""http://www.rakuten.ne.jp/gold/guy0084/goqsystem/600rankingtitel.gif"" width=""600"" /></td>
</tr>
</table>
<table align=""center"" width=""596"" border=""0"" cellpadding=""0"" cellspacing=""0"" bgcolor=""#CCCCCC"" style=""border-left:solid;border-left-width:1px;border-right:solid;border-right-width:1px;border-bottom:solid;border-bottom-width:1px;border-color:#CCCCCC;"">
<tr>
<td align=""center"" bgcolor=""#FFFFFF"">
<div class=""ifrm-container"" style=""width:598px;height:460px;overflow:auto;-webkit-overflow-scrolling:touch;"">

</div>
</td>
</tr>
<tr>
<td align=""right"" bgcolor=""#FFFFFF"" style=""padding:2px;"">
<img src=""http://www.rakuten.ne.jp/gold/guy0084/goqsystem/powered_by_banner.gif"" width=""125"" />
</td>
</tr>
</table>
</td>
</tr>
</table>
<!--GoQSystemランキング自動更新ツールワイド-->
</div>",Agis M＆R【エィジス エムアンドアール】スラックス【グレー】【SALL】【auktn_50off】【楽天ランキング】【父の日】【お取り寄せ】：オーダースーツ ＧＵＹ0084,オーダースーツオーダーシャツドレスシャツレディースオーダーシャツAgis M＆R【エィジス エムアンドアール】スラックス【グレー】【SALL】【auktn_50off】【楽天ランキング】【父の日】【お取り寄せ】,【バーゲン】。Agis M＆R【エィジス エムアンドアール】スラックス【グレー】【SALL】【auktn_50off】【楽天ランキング】【父の日】【お取り寄せ】[rn]
13-87883,http://tshop.r10s.jp/guy0084/cabinet/pants_01/17-57004-12_1.jpg?fitin=700:700,11040.0000,,メンズファッション > ズボン・パンツ,LAD SWINGER SPORTS【ラッド スウィンガー スポーツ】カジュアルパンツ【千鳥】【父の日ギフト】【4s9w】【2013/2/22】【楽天ランキング】,【秋冬物】【送料無料】,"<!--QRコード-->
<center>
<table width=""355"" border=""0"" cellspacing=""0"" cellpadding=""0"">
<tr>
    <td colspan=""2"" align=""center""><font size=""2"" color=""#800000""><!-- 携帯ポイント企画 --></font><br>
<img src=""http://image.rakuten.co.jp/guy0084/cabinet/parts/souryou_bn01.gif"" alt=""送料のご案内"" width=""410"" height=""80"" border=""0""><br><font size=""2"">発送からのお届け予定日時間帯</font></td>
    </tr>
  <tr>
    <td align=""center""><img src=""http://image.rakuten.co.jp/guy0084/cabinet/parts/mobile-cart.gif"" alt=""携帯から注文する"" width=""215"" height=""100"" border=""0"" /></td>
    <td align=""center""><img src=""http://image.rakuten.co.jp/guy0084/cabinet/qr-code-004/17-57004-12.jpg"" alt=""携帯へアクセス"" width=""111"" height=""111"" border=""0""></td>
  </tr>
  </table>
</center>
<!--QRコードend-->
<!--ギフトアイコン-->
<center>
<table border=""0"" cellspacing=""0"" cellpadding=""2"">
<tr>
<td valign=""middle"" nowrap><font size=""-1"">ギフト対応<br>
  詳しくはコチラ</font></td>
<td valign=""baseline"">
<img src=""http://image.rakuten.co.jp/guy0084/cabinet/parts/icon_wrapping.gif"" alt=""ラッピング対応"" width=""100"" height=""21"" hspace=""1"">
<img src=""http://image.rakuten.co.jp/guy0084/cabinet/parts/icon_noshi.gif"" alt=""のし対応"" width=""100"" height=""21"" hspace=""1"">
<img src=""http://image.rakuten.co.jp/guy0084/cabinet/parts/icon_noshi_kimei.gif"" alt=""のし記名可"" width=""100"" height=""21"" hspace=""1""></td>
</tr>
</table>
<br><img src=""http://www.rakuten.ne.jp/gold/guy0084/parts/space.gif"" width=""1"" height=""10"" alt="""" /><br>
</center>
<!--ギフトアイコンend-->
<center><!--イベント用-->
<img src=""http://www.rakuten.ne.jp/gold/guy0084/parts/space.gif"" width=""1"" height=""5"" alt=""""><br>

<table  width=""355"" border=""3"" bordercolor=""#1F0B09"" frame=""box"">
  <tr>
    <td width=""30%""  align=""center"" valign=""middle"" style=""border: 1px solid black;""><font size=""2"">ブランド</font></td>
    <td style=""border: 1px solid black;"" width=""70%""><font size=""2"">LAD SWINGER SPORTS<br>【ラッド スウィンガー スポーツ】</font></td>
  </tr>
  <tr>
    <td width=""30%"" height=""8"" align=""center"" style=""border: 1px solid black;""><font size=""2"">サイズ</font></td>
    <td style=""border: 1px solid black;"" width=""70%""><font size=""2"">78、82、95</font></td>
  </tr>
  <tr>
    <td width=""30%"" align=""center"" valign=""middle"" style=""border: 1px solid black;""><font size=""2"">素材</font></td>
    <td style=""border: 1px solid black;"" width=""70%""><font size=""2"">綿73％ アクリル15％<br>レーヨン10％ ポリウレタン2％</font></td>
  </tr>
  <tr>
    <td width=""30%"" align=""center"" valign=""middle"" style=""border: 1px solid black;""><font size=""2"">カラー</font></td>
    <td style=""border: 1px solid black;"" width=""70%""><font size=""2"">ブラック×ホワイト<br>千鳥格子</font></td>
  </tr>
  <tr>
    <td width=""30%"" align=""center"" valign=""middle"" style=""border: 1px solid black;""><font size=""2"">スタイル</font></td>
    <td style=""border: 1px solid black;"" width=""70%""><font size=""2"">Tシャツ、ロングTシャツ、シャツ<br>トレーナー、ジャケット（ブレザー）<br>ブルゾン（ジャンバー）etc..</font></td>
  </tr>
  <tr>
    <td width=""30%"" align=""center"" valign=""middle"" style=""border: 1px solid black;""><font size=""2"">洗濯表示</font></td>
    <td width=""70%"" valign=""middle"" style=""border: 1px solid black;"">
<img src=""http://image.rakuten.co.jp/guy0084/cabinet/parts/laundry04.gif"" width=""43"" height=""43"" />
<img src=""http://image.rakuten.co.jp/guy0084/cabinet/parts/laundry02.gif"" width=""43"" height=""43"" />
<img src=""http://image.rakuten.co.jp/guy0084/cabinet/parts/laundry03.gif"" width=""43"" height=""43"" />
<img src=""http://image.rakuten.co.jp/guy0084/cabinet/parts/laundry21.gif"" width=""43"" height=""43"" />
<img src=""http://image.rakuten.co.jp/guy0084/cabinet/parts/laundry00.gif"" width=""43"" height=""43"" />

</td>
  </tr>
  <tr>
    <td colspan=""2"" bgcolor=""#ede4cd"" style=""border: 1px solid black;"" height=""8""><font size=""2"">【Key Word】</font></td>
  </tr>
  <tr>
    <td style=""border: 1px solid black;"" colspan=""2""><font size=""2"">MEN'S（メンズ）、パンツ、秋冬物、ノータック<br>ゴルフ、会合、婚活、寄り合い、旅行</font></td>
  </tr>
  <tr>
    <td colspan=""2"" bgcolor=""#ede4cd"" style=""border: 1px solid black;"" height=""8""><font size=""2"">ギフト包装、プレゼント包装、のし対応</font></td>
  </tr>
  <tr>
    <td style=""border: 1px solid black;"" colspan=""2""><font size=""2"">お誕生日、昇進祝い、内祝い、バレンタインデー、クリスマス<br>入学祝い、卒業祝い、就職祝い、成人式<br>父の日、敬老の日 等　各種承っております。</font></td>
  </tr>
  <tr>
    <td colspan=""2"" bgcolor=""#000000"" style=""border: 1px solid black;"" height=""8""><font size=""2"" color=""white"">必ずお読みください</font></td>
  </tr>
  <tr>
    <td style=""border: 1px solid black;"" colspan=""2""><font size=""2"">ご使用のモニターによって、商品画像の色が<br>
            異なって見えることがあります。<br>
            あらかじめ、ご了承頂きますよう、お願い申し上げます。<br>
            ご購入の際は、表記カラーをご確認の上<br>
            お買い求めください。<br><br>実店舗での販売も行っている為、<br>ご注文頂いたタイミングによって在庫が無い場合もございます。<br>その際は、メール等でご連絡させて頂きます。<br>ご了承くださいませ。<br><br>
    商品についての詳細はメールor直接店舗の方に<br>お電話下さい。</font></td>
  </tr>
  <tr>
    <td style=""border: 1px solid black;"" colspan=""2""><font size=""2"">ご購入前にサイズ表を必ずご確認ください。<br />
      サイズ表はコチラ</font><br><font size=""-2"">Copyright(C) メンズショップ ガイ All rights reserved.</font></td>
  </tr>
<tr><td style=""border: 1px solid black;"" colspan=""2"" align=""right""><font size=""2"">2013/2/22【入荷】</font></td></tr>
</table>
</center><div align=""center"">

<div align=""center"">
     <img src=""https://image.rakuten.co.jp/guy0084/cabinet/campaign/0506_mara_1000.gif"" alt=""1000円クーポンプレゼント"" width=""616"" height=""120"" border=""0""><br><br>
<img src=""https://image.rakuten.co.jp/guy0084/cabinet/campaign/0506_mara_500.gif"" alt=""500円クーポンプレゼント"" width=""616"" height=""120"" border=""0""><br><br>
<img src=""https://image.rakuten.co.jp/guy0084/cabinet/campaign/0506_mara_300.gif"" alt=""300円クーポンプレゼント"" width=""616"" height=""120"" border=""0""><br><br>
<img src=""https://image.rakuten.co.jp/guy0084/cabinet/campaign/0519_social_cupon.jpg"" alt=""200円クーポンプレゼント"" width=""616"" height=""120"" border=""0""><br><br>
</div>
<p>
<img src=""http://image.rakuten.co.jp/guy0084/cabinet/campaign/cool-sp2016_01-n.jpg"" alt=""クール仕立て"" width=""616"" height=""120"" border=""0"">
</p>
<img src=""http://image.rakuten.co.jp/guy0084/cabinet/parts/welcome-600.gif"" alt=""ご来店ありがとうございます"" width=""600"" height=""30"" border=""0"">
<br><img src=""http://www.rakuten.ne.jp/gold/guy0084/parts/space.gif"" width=""5"" height=""5"" alt=""""><br>
<!--GoQSystemランキング自動更新ツールワイド-->
<table align=""center"" width=""600"" border=""0"" cellpadding=""0"" cellspacing=""0"" bgcolor=""#FFFFFF"">
<tr>
<td>
<table align=""center"" width=""600"" border=""0"" cellpadding=""0"" cellspacing=""0"" bgcolor=""#FFFFFF"">
<tr>
<td align=""center"" valign=""bottom"" bgcolor=""#cccccc""><img src=""http://www.rakuten.ne.jp/gold/guy0084/goqsystem/600rankingtitel.gif"" width=""600"" /></td>
</tr>
</table>
<table align=""center"" width=""596"" border=""0"" cellpadding=""0"" cellspacing=""0"" bgcolor=""#CCCCCC"" style=""border-left:solid;border-left-width:1px;border-right:solid;border-right-width:1px;border-bottom:solid;border-bottom-width:1px;border-color:#CCCCCC;"">
<tr>
<td align=""center"" bgcolor=""#FFFFFF"">
<div class=""ifrm-container"" style=""width:598px;height:460px;overflow:auto;-webkit-overflow-scrolling:touch;"">

</div>
</td>
</tr>
<tr>
<td align=""right"" bgcolor=""#FFFFFF"" style=""padding:2px;"">
<img src=""http://www.rakuten.ne.jp/gold/guy0084/goqsystem/powered_by_banner.gif"" width=""125"" />
</td>
</tr>
</table>
</td>
</tr>
</table>
<!--GoQSystemランキング自動更新ツールワイド-->
</div>",LAD SWINGER SPORTS【ラッド スウィンガー スポーツ】カジュアルパンツ【千鳥】【父の日ギフト】【4s9w】【2013/2/22】【楽天ランキング】：オーダースーツ ＧＵＹ0084,オーダースーツオーダーシャツドレスシャツレディースオーダーシャツLAD SWINGER SPORTS【ラッド スウィンガー スポーツ】カジュアルパンツ【千鳥】【父の日ギフト】【4s9w】【2013/2/22】【楽天ランキング】,【秋冬物】【送料無料】。LAD SWINGER SPORTS【ラッド スウィンガー スポーツ】カジュアルパンツ【千鳥】【父の日ギフト】【4s9w】【2013/2/22】【楽天ランキング】[rn]
13-87884,http://tshop.r10s.jp/guy0084/cabinet/pants/28-7621-1752-14_m.jpg?fitin=700:700,14155.2000,,メンズファッション > ズボン・パンツ,CASTELBAJAC【カステルバジャック】カジュアルウールパンツ【グレー】【30％OFF】【父の日ギフト】【4s9w】【auktn_30off】【2013/2/22】【楽天ランキング】,【秋冬物】【送料無料】,"<!--QRコード-->
<center>
<table width=""355"" border=""0"" cellspacing=""0"" cellpadding=""0"">
<tr>
    <td colspan=""2"" align=""center""><font size=""2"" color=""#800000""><!-- 携帯ポイント企画 --></font><br>
<img src=""http://image.rakuten.co.jp/guy0084/cabinet/parts/souryou_bn01.gif"" alt=""送料のご案内"" width=""410"" height=""80"" border=""0""><br><font size=""2"">発送からのお届け予定日時間帯</font></td>
    </tr>
  <tr>
    <td align=""center""><img src=""http://image.rakuten.co.jp/guy0084/cabinet/parts/mobile-cart.gif"" alt=""携帯から注文する"" width=""215"" height=""100"" border=""0"" /></td>
    <td align=""center""><img src=""http://image.rakuten.co.jp/guy0084/cabinet/qr-code-004/28-7621-1752-14.jpg"" alt=""携帯へアクセス"" width=""111"" height=""111"" border=""0""></td>
  </tr>
  </table>
</center>
<!--QRコードend-->
<!--ギフトアイコン-->
<center>
<table border=""0"" cellspacing=""0"" cellpadding=""2"">
<tr>
<td valign=""middle"" nowrap><font size=""-1"">ギフト対応<br>
  詳しくはコチラ</font></td>
<td valign=""baseline"">
<img src=""http://image.rakuten.co.jp/guy0084/cabinet/parts/icon_wrapping.gif"" alt=""ラッピング対応"" width=""100"" height=""21"" hspace=""1"">
<img src=""http://image.rakuten.co.jp/guy0084/cabinet/parts/icon_noshi.gif"" alt=""のし対応"" width=""100"" height=""21"" hspace=""1"">
<img src=""http://image.rakuten.co.jp/guy0084/cabinet/parts/icon_noshi_kimei.gif"" alt=""のし記名可"" width=""100"" height=""21"" hspace=""1""></td>
</tr>
</table>
<br><img src=""http://www.rakuten.ne.jp/gold/guy0084/parts/space.gif"" width=""1"" height=""10"" alt="""" /><br>
</center>
<!--ギフトアイコンend-->
<center><!--イベント用-->
<img src=""http://www.rakuten.ne.jp/gold/guy0084/parts/space.gif"" width=""1"" height=""5"" alt=""""><br>

<table  width=""355"" border=""3"" bordercolor=""#1F0B09"" frame=""box"">
  <tr>
    <td width=""30%""  align=""center"" valign=""middle"" style=""border: 1px solid black;""><font size=""2"">ブランド</font></td>
    <td style=""border: 1px solid black;"" width=""70%""><font size=""2"">CASTELBAJAC<br>【カステルバジャック】</font></td>
  </tr>
  <tr>
    <td width=""30%"" height=""8"" align=""center"" style=""border: 1px solid black;""><font size=""2"">サイズ</font></td>
    <td style=""border: 1px solid black;"" width=""70%""><font size=""2"">82、86</font></td>
  </tr>
  <tr>
    <td width=""30%"" align=""center"" valign=""middle"" style=""border: 1px solid black;""><font size=""2"">素材</font></td>
    <td style=""border: 1px solid black;"" width=""70%""><font size=""2"">毛98％ ポリウレタン2％<br>裏地 ポリエステル100％（日本製）</font></td>
  </tr>
  <tr>
    <td width=""30%"" align=""center"" valign=""middle"" style=""border: 1px solid black;""><font size=""2"">カラー</font></td>
    <td style=""border: 1px solid black;"" width=""70%""><font size=""2"">グレー</font></td>
  </tr>
  <tr>
    <td width=""30%"" align=""center"" valign=""middle"" style=""border: 1px solid black;""><font size=""2"">スタイル</font></td>
    <td style=""border: 1px solid black;"" width=""70%""><font size=""2"">Tシャツ、ロングTシャツ、シャツ<br>トレーナー、ジャケット（ブレザー）<br>ブルゾン（ジャンバー）etc..</font></td>
  </tr>
  <tr>
    <td width=""30%"" align=""center"" valign=""middle"" style=""border: 1px solid black;""><font size=""2"">洗濯表示</font></td>
    <td width=""70%"" valign=""middle"" style=""border: 1px solid black;"">
<img src=""http://image.rakuten.co.jp/guy0084/cabinet/parts/laundry09.gif"" width=""43"" height=""43"" />
<img src=""http://image.rakuten.co.jp/guy0084/cabinet/parts/laundry02.gif"" width=""43"" height=""43"" />
<img src=""http://image.rakuten.co.jp/guy0084/cabinet/parts/laundry03.gif"" width=""43"" height=""43"" />
<img src=""http://image.rakuten.co.jp/guy0084/cabinet/parts/laundry10.gif"" width=""43"" height=""43"" />
<img src=""http://image.rakuten.co.jp/guy0084/cabinet/parts/laundry00.gif"" width=""43"" height=""43"" />

</td>
  </tr>
  <tr>
    <td colspan=""2"" bgcolor=""#ede4cd"" style=""border: 1px solid black;"" height=""8""><font size=""2"">【Key Word】</font></td>
  </tr>
  <tr>
    <td style=""border: 1px solid black;"" colspan=""2""><font size=""2"">MEN'S（メンズ）、パンツ、秋冬物、ノータック<br>ゴルフ、会合、婚活、寄り合い、旅行</font></td>
  </tr>
  <tr>
    <td colspan=""2"" bgcolor=""#ede4cd"" style=""border: 1px solid black;"" height=""8""><font size=""2"">ギフト包装、プレゼント包装、のし対応</font></td>
  </tr>
  <tr>
    <td style=""border: 1px solid black;"" colspan=""2""><font size=""2"">お誕生日、昇進祝い、内祝い、バレンタインデー、クリスマス<br>入学祝い、卒業祝い、就職祝い、成人式<br>父の日、敬老の日 等　各種承っております。</font></td>
  </tr>
  <tr>
    <td colspan=""2"" bgcolor=""#000000"" style=""border: 1px solid black;"" height=""8""><font size=""2"" color=""white"">必ずお読みください</font></td>
  </tr>
  <tr>
    <td style=""border: 1px solid black;"" colspan=""2""><font size=""2"">ご使用のモニターによって、商品画像の色が<br>
            異なって見えることがあります。<br>
            あらかじめ、ご了承頂きますよう、お願い申し上げます。<br>
            ご購入の際は、表記カラーをご確認の上<br>
            お買い求めください。<br><br>実店舗での販売も行っている為、<br>ご注文頂いたタイミングによって在庫が無い場合もございます。<br>その際は、メール等でご連絡させて頂きます。<br>ご了承くださいませ。<br><br>
    商品についての詳細はメールor直接店舗の方に<br>お電話下さい。</font></td>
  </tr>
  <tr>
    <td style=""border: 1px solid black;"" colspan=""2""><font size=""2"">ご購入前にサイズ表を必ずご確認ください。<br />
      サイズ表はコチラ</font><br><font size=""-2"">Copyright(C) メンズショップ ガイ All rights reserved.</font></td>
  </tr>
<tr><td style=""border: 1px solid black;"" colspan=""2"" align=""right""><font size=""2"">2013/2/22【入荷】</font></td></tr>
</table>
</center><div align=""center"">

<div align=""center"">
     <img src=""https://image.rakuten.co.jp/guy0084/cabinet/campaign/0506_mara_1000.gif"" alt=""1000円クーポンプレゼント"" width=""616"" height=""120"" border=""0""><br><br>
<img src=""https://image.rakuten.co.jp/guy0084/cabinet/campaign/0506_mara_500.gif"" alt=""500円クーポンプレゼント"" width=""616"" height=""120"" border=""0""><br><br>
<img src=""https://image.rakuten.co.jp/guy0084/cabinet/campaign/0506_mara_300.gif"" alt=""300円クーポンプレゼント"" width=""616"" height=""120"" border=""0""><br><br>
<img src=""https://image.rakuten.co.jp/guy0084/cabinet/campaign/0519_social_cupon.jpg"" alt=""200円クーポンプレゼント"" width=""616"" height=""120"" border=""0""><br><br>
</div>
<p>
<img src=""http://image.rakuten.co.jp/guy0084/cabinet/campaign/cool-sp2016_01-n.jpg"" alt=""クール仕立て"" width=""616"" height=""120"" border=""0"">
</p>
<img src=""http://image.rakuten.co.jp/guy0084/cabinet/parts/welcome-600.gif"" alt=""ご来店ありがとうございます"" width=""600"" height=""30"" border=""0"">
<br><img src=""http://www.rakuten.ne.jp/gold/guy0084/parts/space.gif"" width=""5"" height=""5"" alt=""""><br>
<!--GoQSystemランキング自動更新ツールワイド-->
<table align=""center"" width=""600"" border=""0"" cellpadding=""0"" cellspacing=""0"" bgcolor=""#FFFFFF"">
<tr>
<td>
<table align=""center"" width=""600"" border=""0"" cellpadding=""0"" cellspacing=""0"" bgcolor=""#FFFFFF"">
<tr>
<td align=""center"" valign=""bottom"" bgcolor=""#cccccc""><img src=""http://www.rakuten.ne.jp/gold/guy0084/goqsystem/600rankingtitel.gif"" width=""600"" /></td>
</tr>
</table>
<table align=""center"" width=""596"" border=""0"" cellpadding=""0"" cellspacing=""0"" bgcolor=""#CCCCCC"" style=""border-left:solid;border-left-width:1px;border-right:solid;border-right-width:1px;border-bottom:solid;border-bottom-width:1px;border-color:#CCCCCC;"">
<tr>
<td align=""center"" bgcolor=""#FFFFFF"">
<div class=""ifrm-container"" style=""width:598px;height:460px;overflow:auto;-webkit-overflow-scrolling:touch;"">

</div>
</td>
</tr>
<tr>
<td align=""right"" bgcolor=""#FFFFFF"" style=""padding:2px;"">
<img src=""http://www.rakuten.ne.jp/gold/guy0084/goqsystem/powered_by_banner.gif"" width=""125"" />
</td>
</tr>
</table>
</td>
</tr>
</table>
<!--GoQSystemランキング自動更新ツールワイド-->
</div>",CASTELBAJAC【カステルバジャック】カジュアルウールパンツ【グレー】【30％OFF】【父の日ギフト】【4s9w】【auktn_30off】【2013/2/22】【楽天ランキング】：オーダースーツ ＧＵＹ0084,オーダースーツオーダーシャツドレスシャツレディースオーダーシャツCASTELBAJAC【カステルバジャック】カジュアルウールパンツ【グレー】【30％OFF】【父の日ギフト】【4s9w】【auktn_30off】【2013/2/22】【楽天ランキング】,【秋冬物】【送料無料】。CASTELBAJAC【カステルバジャック】カジュアルウールパンツ【グレー】【30％OFF】【父の日ギフト】【4s9w】【auktn_30off】【2013/2/22】【楽天ランキング】[rn]
13-87885,http://tshop.r10s.jp/guy0084/cabinet/pants/21-s9-3171-7_m.jpg?fitin=700:700,8944.8000,,メンズファッション > ズボン・パンツ,VINCE SPORTS【ビンチェスポーツ】カジュアルウールパンツ【サーモンピンク】【半額】【父の日ギフト】【4s9w】【auktn_50off】【2013/2/22】【楽天ランキング】,【秋冬物】【送料無料】,"<!--QRコード-->
<center>
<table width=""355"" border=""0"" cellspacing=""0"" cellpadding=""0"">
<tr>
    <td colspan=""2"" align=""center""><font size=""2"" color=""#800000""><!-- 携帯ポイント企画 --></font><br>
<img src=""http://image.rakuten.co.jp/guy0084/cabinet/parts/souryou_bn01.gif"" alt=""送料のご案内"" width=""410"" height=""80"" border=""0""><br><font size=""2"">発送からのお届け予定日時間帯</font></td>
    </tr>
  <tr>
    <td align=""center""><img src=""http://image.rakuten.co.jp/guy0084/cabinet/parts/mobile-cart.gif"" alt=""携帯から注文する"" width=""215"" height=""100"" border=""0"" /></td>
    <td align=""center""><img src=""http://image.rakuten.co.jp/guy0084/cabinet/qr-code-004/21-s9-3171-7.jpg"" alt=""携帯へアクセス"" width=""111"" height=""111"" border=""0""></td>
  </tr>
  </table>
</center>
<!--QRコードend-->
<!--ギフトアイコン-->
<center>
<table border=""0"" cellspacing=""0"" cellpadding=""2"">
<tr>
<td valign=""middle"" nowrap><font size=""-1"">ギフト対応<br>
  詳しくはコチラ</font></td>
<td valign=""baseline"">
<img src=""http://image.rakuten.co.jp/guy0084/cabinet/parts/icon_wrapping.gif"" alt=""ラッピング対応"" width=""100"" height=""21"" hspace=""1"">
<img src=""http://image.rakuten.co.jp/guy0084/cabinet/parts/icon_noshi.gif"" alt=""のし対応"" width=""100"" height=""21"" hspace=""1"">
<img src=""http://image.rakuten.co.jp/guy0084/cabinet/parts/icon_noshi_kimei.gif"" alt=""のし記名可"" width=""100"" height=""21"" hspace=""1""></td>
</tr>
</table>
<br><img src=""http://www.rakuten.ne.jp/gold/guy0084/parts/space.gif"" width=""1"" height=""10"" alt="""" /><br>
</center>
<!--ギフトアイコンend-->
<center><!--イベント用-->
<img src=""http://www.rakuten.ne.jp/gold/guy0084/parts/space.gif"" width=""1"" height=""5"" alt=""""><br>

<table  width=""355"" border=""3"" bordercolor=""#1F0B09"" frame=""box"">
  <tr>
    <td width=""30%""  align=""center"" valign=""middle"" style=""border: 1px solid black;""><font size=""2"">ブランド</font></td>
    <td style=""border: 1px solid black;"" width=""70%""><font size=""2"">VINCE SPORTS【ビンチェスポーツ】</font></td>
  </tr>
  <tr>
    <td width=""30%"" height=""8"" align=""center"" style=""border: 1px solid black;""><font size=""2"">サイズ</font></td>
    <td style=""border: 1px solid black;"" width=""70%""><font size=""2"">82、94</font></td>
  </tr>
  <tr>
    <td width=""30%"" align=""center"" valign=""middle"" style=""border: 1px solid black;""><font size=""2"">素材</font></td>
    <td style=""border: 1px solid black;"" width=""70%""><font size=""2"">毛80％ ナイロン20％<br>裏地 キュプラ100％（日本製）</font></td>
  </tr>
  <tr>
    <td width=""30%"" align=""center"" valign=""middle"" style=""border: 1px solid black;""><font size=""2"">カラー</font></td>
    <td style=""border: 1px solid black;"" width=""70%""><font size=""2"">サーモンピンク/ベージュ</font></td>
  </tr>
  <tr>
    <td width=""30%"" align=""center"" valign=""middle"" style=""border: 1px solid black;""><font size=""2"">スタイル</font></td>
    <td style=""border: 1px solid black;"" width=""70%""><font size=""2"">Tシャツ、ロングTシャツ、シャツ<br>トレーナー、ジャケット（ブレザー）<br>ブルゾン（ジャンバー）etc..</font></td>
  </tr>
  <tr>
    <td width=""30%"" align=""center"" valign=""middle"" style=""border: 1px solid black;""><font size=""2"">洗濯表示</font></td>
    <td width=""70%"" valign=""middle"" style=""border: 1px solid black;"">
<img src=""http://image.rakuten.co.jp/guy0084/cabinet/parts/laundry09.gif"" width=""43"" height=""43"" />
<img src=""http://image.rakuten.co.jp/guy0084/cabinet/parts/laundry02.gif"" width=""43"" height=""43"" />
<img src=""http://image.rakuten.co.jp/guy0084/cabinet/parts/laundry03.gif"" width=""43"" height=""43"" />
<img src=""http://image.rakuten.co.jp/guy0084/cabinet/parts/laundry10.gif"" width=""43"" height=""43"" />
<img src=""http://image.rakuten.co.jp/guy0084/cabinet/parts/laundry00.gif"" width=""43"" height=""43"" />

</td>
  </tr>
  <tr>
    <td colspan=""2"" bgcolor=""#ede4cd"" style=""border: 1px solid black;"" height=""8""><font size=""2"">【Key Word】</font></td>
  </tr>
  <tr>
    <td style=""border: 1px solid black;"" colspan=""2""><font size=""2"">MEN'S（メンズ）、パンツ、秋冬物、1タック<br>ゴルフ、会合、婚活、寄り合い、旅行</font></td>
  </tr>
  <tr>
    <td colspan=""2"" bgcolor=""#ede4cd"" style=""border: 1px solid black;"" height=""8""><font size=""2"">ギフト包装、プレゼント包装、のし対応</font></td>
  </tr>
  <tr>
    <td style=""border: 1px solid black;"" colspan=""2""><font size=""2"">お誕生日、昇進祝い、内祝い、バレンタインデー、クリスマス<br>入学祝い、卒業祝い、就職祝い、成人式<br>父の日、敬老の日 等　各種承っております。</font></td>
  </tr>
  <tr>
    <td colspan=""2"" bgcolor=""#000000"" style=""border: 1px solid black;"" height=""8""><font size=""2"" color=""white"">必ずお読みください</font></td>
  </tr>
  <tr>
    <td style=""border: 1px solid black;"" colspan=""2""><font size=""2"">ご使用のモニターによって、商品画像の色が<br>
            異なって見えることがあります。<br>
            あらかじめ、ご了承頂きますよう、お願い申し上げます。<br>
            ご購入の際は、表記カラーをご確認の上<br>
            お買い求めください。<br><br>実店舗での販売も行っている為、<br>ご注文頂いたタイミングによって在庫が無い場合もございます。<br>その際は、メール等でご連絡させて頂きます。<br>ご了承くださいませ。<br><br>
    商品についての詳細はメールor直接店舗の方に<br>お電話下さい。</font></td>
  </tr>
  <tr>
    <td style=""border: 1px solid black;"" colspan=""2""><font size=""2"">ご購入前にサイズ表を必ずご確認ください。<br />
      サイズ表はコチラ</font><br><font size=""-2"">Copyright(C) メンズショップ ガイ All rights reserved.</font></td>
  </tr>
<tr><td style=""border: 1px solid black;"" colspan=""2"" align=""right""><font size=""2"">2013/2/22【入荷】</font></td></tr>
</table>
</center><div align=""center"">

<div align=""center"">
     <img src=""https://image.rakuten.co.jp/guy0084/cabinet/campaign/0506_mara_1000.gif"" alt=""1000円クーポンプレゼント"" width=""616"" height=""120"" border=""0""><br><br>
<img src=""https://image.rakuten.co.jp/guy0084/cabinet/campaign/0506_mara_500.gif"" alt=""500円クーポンプレゼント"" width=""616"" height=""120"" border=""0""><br><br>
<img src=""https://image.rakuten.co.jp/guy0084/cabinet/campaign/0506_mara_300.gif"" alt=""300円クーポンプレゼント"" width=""616"" height=""120"" border=""0""><br><br>
<img src=""https://image.rakuten.co.jp/guy0084/cabinet/campaign/0519_social_cupon.jpg"" alt=""200円クーポンプレゼント"" width=""616"" height=""120"" border=""0""><br><br>
</div>
<p>
<img src=""http://image.rakuten.co.jp/guy0084/cabinet/campaign/cool-sp2016_01-n.jpg"" alt=""クール仕立て"" width=""616"" height=""120"" border=""0"">
</p>
<img src=""http://image.rakuten.co.jp/guy0084/cabinet/parts/welcome-600.gif"" alt=""ご来店ありがとうございます"" width=""600"" height=""30"" border=""0"">
<br><img src=""http://www.rakuten.ne.jp/gold/guy0084/parts/space.gif"" width=""5"" height=""5"" alt=""""><br>
<!--GoQSystemランキング自動更新ツールワイド-->
<table align=""center"" width=""600"" border=""0"" cellpadding=""0"" cellspacing=""0"" bgcolor=""#FFFFFF"">
<tr>
<td>
<table align=""center"" width=""600"" border=""0"" cellpadding=""0"" cellspacing=""0"" bgcolor=""#FFFFFF"">
<tr>
<td align=""center"" valign=""bottom"" bgcolor=""#cccccc""><img src=""http://www.rakuten.ne.jp/gold/guy0084/goqsystem/600rankingtitel.gif"" width=""600"" /></td>
</tr>
</table>
<table align=""center"" width=""596"" border=""0"" cellpadding=""0"" cellspacing=""0"" bgcolor=""#CCCCCC"" style=""border-left:solid;border-left-width:1px;border-right:solid;border-right-width:1px;border-bottom:solid;border-bottom-width:1px;border-color:#CCCCCC;"">
<tr>
<td align=""center"" bgcolor=""#FFFFFF"">
<div class=""ifrm-container"" style=""width:598px;height:460px;overflow:auto;-webkit-overflow-scrolling:touch;"">

</div>
</td>
</tr>
<tr>
<td align=""right"" bgcolor=""#FFFFFF"" style=""padding:2px;"">
<img src=""http://www.rakuten.ne.jp/gold/guy0084/goqsystem/powered_by_banner.gif"" width=""125"" />
</td>
</tr>
</table>
</td>
</tr>
</table>
<!--GoQSystemランキング自動更新ツールワイド-->
</div>",VINCE SPORTS【ビンチェスポーツ】カジュアルウールパンツ【サーモンピンク】【半額】【父の日ギフト】【4s9w】【auktn_50off】【2013/2/22】【楽天ランキング】：オーダースーツ ＧＵＹ0084,オーダースーツオーダーシャツドレスシャツレディースオーダーシャツVINCE SPORTS【ビンチェスポーツ】カジュアルウールパンツ【サーモンピンク】【半額】【父の日ギフト】【4s9w】【auktn_50off】【2013/2/22】【楽天ランキング】,【秋冬物】【送料無料】。VINCE SPORTS【ビンチェスポーツ】カジュアルウールパンツ【サーモンピンク】【半額】【父の日ギフト】【4s9w】【auktn_50off】【2013/2/22】【楽天ランキング】[rn]
13-87886,http://tshop.r10s.jp/guy0084/cabinet/off-img/slacks/31217-a_m.jpg?fitin=700:700,5511.2000,,メンズファッション > ズボン・パンツ,Agis M＆R【エィジス エムアンドアール】ワンタックスラックス/パンツ/ボトムス【ブラック】【SALL】【お取り寄せ】【auktn_50off】【2013/12/8】【楽天ランキング】【父の日】,【秋冬物】【送料無料】,"<!--QRコード-->
<center>
<table width=""355"" border=""0"" cellspacing=""0"" cellpadding=""0"">
<tr>
    <td colspan=""2"" align=""center""><font size=""2"" color=""#800000""><!-- 携帯ポイント企画 --></font><br>
<img src=""http://image.rakuten.co.jp/guy0084/cabinet/parts/souryou_bn01.gif"" alt=""送料のご案内"" width=""410"" height=""80"" border=""0""><br><font size=""2"">発送からのお届け予定日時間帯</font></td>
    </tr>
  <tr>
    <td align=""center""><img src=""http://image.rakuten.co.jp/guy0084/cabinet/parts/mobile-cart.gif"" alt=""携帯から注文する"" width=""215"" height=""100"" border=""0"" /></td>
    <td align=""center""><img src=""http://image.rakuten.co.jp/guy0084/cabinet/qr-code-003/31217-a.jpg"" alt=""携帯へアクセス"" width=""111"" height=""111"" border=""0""></td>
  </tr>
  </table>
</center>
<!--QRコードend-->
<!--ギフトアイコン-->
<center>
<table border=""0"" cellspacing=""0"" cellpadding=""2"">
<tr>
<td valign=""middle"" nowrap><font size=""-1"">ギフト対応<br>
  詳しくはコチラ</font></td>
<td valign=""baseline"">
<img src=""http://image.rakuten.co.jp/guy0084/cabinet/parts/icon_wrapping.gif"" alt=""ラッピング対応"" width=""100"" height=""21"" hspace=""1"">
<img src=""http://image.rakuten.co.jp/guy0084/cabinet/parts/icon_noshi.gif"" alt=""のし対応"" width=""100"" height=""21"" hspace=""1"">
<img src=""http://image.rakuten.co.jp/guy0084/cabinet/parts/icon_noshi_kimei.gif"" alt=""のし記名可"" width=""100"" height=""21"" hspace=""1""></td>
</tr>
</table>
<br><img src=""http://www.rakuten.ne.jp/gold/guy0084/parts/space.gif"" width=""1"" height=""10"" alt="""" /><br>
</center>
<!--ギフトアイコンend-->
<center><!--イベント用-->
<table  width=""355"" border=""3"" bordercolor=""#1F0B09"" frame=""box"">
  <tr>
    <td width=""30%""  align=""center"" valign=""middle"" style=""border: 1px solid black;""><font size=""2"">ブランド</font></td>
    <td style=""border: 1px solid black;"" width=""70%""><font size=""2"">Agis M&R【エィジス エムアンドアール】</font></td>
  </tr>
  <tr>
    <td width=""30%"" height=""8"" align=""center"" style=""border: 1px solid black;""><font size=""2"">サイズ</font></td>
    <td style=""border: 1px solid black;"" width=""70%""><font size=""2"">82、85、88、91、94、97、100、、105</font></td>
  </tr>
  <tr>
    <td width=""30%"" align=""center"" valign=""middle"" style=""border: 1px solid black;""><font size=""2"">素材</font></td>
    <td style=""border: 1px solid black;"" width=""70%""><font size=""2"">ポリエステル100％</font></td>
  </tr>
  <tr>
    <td width=""30%"" align=""center"" valign=""middle"" style=""border: 1px solid black;""><font size=""2"">カラー</font></td>
    <td style=""border: 1px solid black;"" width=""70%""><font size=""2"">ブラック</font></td>
  </tr>
  <tr>
    <td width=""30%"" align=""center"" valign=""middle"" style=""border: 1px solid black;""><font size=""2"">スタイル</font></td>
    <td style=""border: 1px solid black;"" width=""70%""><font size=""2"">ジャケット（ブレザー）、ブルゾン（ジャンバー）<br>ワイシャツ、カッターシャツ<br>ドレスシャツ、ビジネススタイル<br>スーツスタイル、オフィススタイル<br>パーティ、クリスマス、<br>婚活、結婚式、披露宴、２次会</font></td>
  </tr>
  <tr>
    <td width=""30%"" align=""center"" valign=""middle"" style=""border: 1px solid black;""><font size=""2"">洗濯表示</font></td>
    <td width=""70%"" valign=""middle"" style=""border: 1px solid black;"">
<img src=""http://image.rakuten.co.jp/guy0084/cabinet/parts/laundry20.gif"" width=""43"" height=""43"" />
<img src=""http://image.rakuten.co.jp/guy0084/cabinet/parts/laundry02.gif"" width=""43"" height=""43"" />
<img src=""http://image.rakuten.co.jp/guy0084/cabinet/parts/laundry03.gif"" width=""43"" height=""43"" /><br>
<img src=""http://image.rakuten.co.jp/guy0084/cabinet/parts/laundry08.gif"" width=""43"" height=""43"" />
<img src=""http://image.rakuten.co.jp/guy0084/cabinet/parts/laundry06.gif"" width=""43"" height=""43"" />
<img src=""http://image.rakuten.co.jp/guy0084/cabinet/parts/laundry01.gif"" width=""43"" height=""43"" />

</td>
  </tr>
  <tr>
    <td colspan=""2"" bgcolor=""#ede4cd"" style=""border: 1px solid black;"" height=""8""><font size=""2"">【Key Word】</font></td>
  </tr>
  <tr>
    <td style=""border: 1px solid black;"" colspan=""2""><font size=""2"">１タック、MEN'S（メンズ）、パンツ</font></td>
  </tr>
  <tr>
    <td colspan=""2"" bgcolor=""#ede4cd"" style=""border: 1px solid black;"" height=""8""><font size=""2"">ギフト包装、プレゼント包装、のし対応</font></td>
  </tr>
    <tr>
    <td style=""border: 1px solid black;"" colspan=""2""><font size=""2"">お誕生日、昇進祝い、内祝い、バレンタインデー、クリスマス<br>入学祝い、卒業祝い、就職祝い、成人式<br>父の日、敬老の日 等　各種承っております。</font></td>
  </tr>
  <tr>
    <td colspan=""2"" style=""border: 1px solid black;"" bgcolor=""#990000"" height=""8""><font color=""#FFFFFF"" size=""2"">【注意事項】</font></td>
  </tr>
  <tr>
    <td style=""border: 1px solid black;"" colspan=""2""><font size=""2"">コチラの商品は一部メーカー取り寄せ商品の為、<br>発送に５営業日かかる場合がございます。<br><br>在庫の管理には万全を期しておりますが、メーカーでの<br>在庫状況（完売）により、ご注文を変更またはキャンセル<br>させて頂く場合がございます事を予めご了承くださいませ。</font></td>
  </tr> 
  <tr>
    <td colspan=""2"" bgcolor=""#000000"" style=""border: 1px solid black;"" height=""8""><font size=""2"" color=""white"">必ずお読みください</font></td>
  </tr>
  <tr>
    <td style=""border: 1px solid black;"" colspan=""2""><font size=""2"">ご使用のモニターによって、商品画像の色が<br>
            異なって見えることがあります。<br>
            あらかじめ、ご了承頂きますよう、お願い申し上げます。<br>
            ご購入の際は、表記カラーをご確認の上<br>
            お買い求めください。<br><br>実店舗での販売も行っている為、<br>ご注文頂いたタイミングによって在庫が無い場合もございます。<br>その際は、メール等でご連絡させて頂きます。<br>ご了承くださいませ。<br><br>
    商品についての詳細はメールor直接店舗の方に<br>お電話下さい。</font></td>
  </tr>
  <tr>
    <td style=""border: 1px solid black;"" colspan=""2""><font size=""2"">ご購入前にサイズ表を必ずご確認ください。<br />
      サイズ表はコチラ</font><br><font size=""-2"">Copyright(C) メンズショップ ガイ All rights reserved.</font></td>
  </tr>
<tr><td style=""border: 1px solid black;"" colspan=""2"" align=""right""><font size=""2"">  2013/12/8【入荷】</font></td></tr>
</table>
</center><div align=""center"">

<div align=""center"">
     <img src=""https://image.rakuten.co.jp/guy0084/cabinet/campaign/0506_mara_1000.gif"" alt=""1000円クーポンプレゼント"" width=""616"" height=""120"" border=""0""><br><br>
<img src=""https://image.rakuten.co.jp/guy0084/cabinet/campaign/0506_mara_500.gif"" alt=""500円クーポンプレゼント"" width=""616"" height=""120"" border=""0""><br><br>
<img src=""https://image.rakuten.co.jp/guy0084/cabinet/campaign/0506_mara_300.gif"" alt=""300円クーポンプレゼント"" width=""616"" height=""120"" border=""0""><br><br>
<img src=""https://image.rakuten.co.jp/guy0084/cabinet/campaign/0519_social_cupon.jpg"" alt=""200円クーポンプレゼント"" width=""616"" height=""120"" border=""0""><br><br>
</div>
<p>
<img src=""http://image.rakuten.co.jp/guy0084/cabinet/campaign/cool-sp2016_01-n.jpg"" alt=""クール仕立て"" width=""616"" height=""120"" border=""0"">
</p>
<img src=""http://image.rakuten.co.jp/guy0084/cabinet/parts/welcome-600.gif"" alt=""ご来店ありがとうございます"" width=""600"" height=""30"" border=""0"">
<br><img src=""http://www.rakuten.ne.jp/gold/guy0084/parts/space.gif"" width=""5"" height=""5"" alt=""""><br>
<!--GoQSystemランキング自動更新ツールワイド-->
<table align=""center"" width=""600"" border=""0"" cellpadding=""0"" cellspacing=""0"" bgcolor=""#FFFFFF"">
<tr>
<td>
<table align=""center"" width=""600"" border=""0"" cellpadding=""0"" cellspacing=""0"" bgcolor=""#FFFFFF"">
<tr>
<td align=""center"" valign=""bottom"" bgcolor=""#cccccc""><img src=""http://www.rakuten.ne.jp/gold/guy0084/goqsystem/600rankingtitel.gif"" width=""600"" /></td>
</tr>
</table>
<table align=""center"" width=""596"" border=""0"" cellpadding=""0"" cellspacing=""0"" bgcolor=""#CCCCCC"" style=""border-left:solid;border-left-width:1px;border-right:solid;border-right-width:1px;border-bottom:solid;border-bottom-width:1px;border-color:#CCCCCC;"">
<tr>
<td align=""center"" bgcolor=""#FFFFFF"">
<div class=""ifrm-container"" style=""width:598px;height:460px;overflow:auto;-webkit-overflow-scrolling:touch;"">

</div>
</td>
</tr>
<tr>
<td align=""right"" bgcolor=""#FFFFFF"" style=""padding:2px;"">
<img src=""http://www.rakuten.ne.jp/gold/guy0084/goqsystem/powered_by_banner.gif"" width=""125"" />
</td>
</tr>
</table>
</td>
</tr>
</table>
<!--GoQSystemランキング自動更新ツールワイド-->
</div>",Agis M＆R【エィジス エムアンドアール】ワンタックスラックス/パンツ/ボトムス【ブラック】【SALL】【お取り寄せ】【auktn_50off】【2013/12/8】【楽天ランキング】【父の日】：オーダースーツ ＧＵＹ0084,オーダースーツオーダーシャツドレスシャツレディースオーダーシャツAgis M＆R【エィジス エムアンドアール】ワンタックスラックス/パンツ/ボトムス【ブラック】【SALL】【お取り寄せ】【auktn_50off】【2013/12/8】【楽天ランキング】【父の日】,【秋冬物】【送料無料】。Agis M＆R【エィジス エムアンドアール】ワンタックスラックス/パンツ/ボトムス【ブラック】【SALL】【お取り寄せ】【auktn_50off】【2013/12/8】【楽天ランキング】【父の日】[rn]
13-87887,http://tshop.r10s.jp/guy0084/cabinet/off-img/slacks/31017-a_m.jpg?fitin=700:700,5066.4000,,メンズファッション > ズボン・パンツ,Agis M＆R【エィジス エムアンドアール】ワンタックスラックス/パンツ/ボトムス【グリーングレー】【SALL】【お取り寄せ】【auktn_50off】【2013/12/8】【楽天ランキング】【父の日】,【秋冬物】【送料無料】,"<!--QRコード-->
<center>
<table width=""355"" border=""0"" cellspacing=""0"" cellpadding=""0"">
<tr>
    <td colspan=""2"" align=""center""><font size=""2"" color=""#800000""><!-- 携帯ポイント企画 --></font><br>
<img src=""http://image.rakuten.co.jp/guy0084/cabinet/parts/souryou_bn01.gif"" alt=""送料のご案内"" width=""410"" height=""80"" border=""0""><br><font size=""2"">発送からのお届け予定日時間帯</font></td>
    </tr>
  <tr>
    <td align=""center""><img src=""http://image.rakuten.co.jp/guy0084/cabinet/parts/mobile-cart.gif"" alt=""携帯から注文する"" width=""215"" height=""100"" border=""0"" /></td>
    <td align=""center""><img src=""http://image.rakuten.co.jp/guy0084/cabinet/qr-code-003/31017-a.jpg"" alt=""携帯へアクセス"" width=""111"" height=""111"" border=""0""></td>
  </tr>
  </table>
</center>
<!--QRコードend-->
<!--ギフトアイコン-->
<center>
<table border=""0"" cellspacing=""0"" cellpadding=""2"">
<tr>
<td valign=""middle"" nowrap><font size=""-1"">ギフト対応<br>
  詳しくはコチラ</font></td>
<td valign=""baseline"">
<img src=""http://image.rakuten.co.jp/guy0084/cabinet/parts/icon_wrapping.gif"" alt=""ラッピング対応"" width=""100"" height=""21"" hspace=""1"">
<img src=""http://image.rakuten.co.jp/guy0084/cabinet/parts/icon_noshi.gif"" alt=""のし対応"" width=""100"" height=""21"" hspace=""1"">
<img src=""http://image.rakuten.co.jp/guy0084/cabinet/parts/icon_noshi_kimei.gif"" alt=""のし記名可"" width=""100"" height=""21"" hspace=""1""></td>
</tr>
</table>
<br><img src=""http://www.rakuten.ne.jp/gold/guy0084/parts/space.gif"" width=""1"" height=""10"" alt="""" /><br>
</center>
<!--ギフトアイコンend-->
<center><!--イベント用-->
<table  width=""355"" border=""3"" bordercolor=""#1F0B09"" frame=""box"">
  <tr>
    <td width=""30%""  align=""center"" valign=""middle"" style=""border: 1px solid black;""><font size=""2"">ブランド</font></td>
    <td style=""border: 1px solid black;"" width=""70%""><font size=""2"">Agis M&R【エィジス エムアンドアール】</font></td>
  </tr>
  <tr>
    <td width=""30%"" height=""8"" align=""center"" style=""border: 1px solid black;""><font size=""2"">サイズ</font></td>
    <td style=""border: 1px solid black;"" width=""70%""><font size=""2"">82、85、88、91、94、97</font></td>
  </tr>
  <tr>
    <td width=""30%"" align=""center"" valign=""middle"" style=""border: 1px solid black;""><font size=""2"">素材</font></td>
    <td style=""border: 1px solid black;"" width=""70%""><font size=""2"">ポリエステル100％</font></td>
  </tr>
  <tr>
    <td width=""30%"" align=""center"" valign=""middle"" style=""border: 1px solid black;""><font size=""2"">カラー</font></td>
    <td style=""border: 1px solid black;"" width=""70%""><font size=""2"">グリーングレー</font></td>
  </tr>
  <tr>
    <td width=""30%"" align=""center"" valign=""middle"" style=""border: 1px solid black;""><font size=""2"">スタイル</font></td>
    <td style=""border: 1px solid black;"" width=""70%""><font size=""2"">ジャケット（ブレザー）、ブルゾン（ジャンバー）<br>ワイシャツ、カッターシャツ<br>ドレスシャツ、ビジネススタイル<br>スーツスタイル、オフィススタイル<br>パーティ、クリスマス、<br>婚活、結婚式、披露宴、２次会</font></td>
  </tr>
  <tr>
    <td width=""30%"" align=""center"" valign=""middle"" style=""border: 1px solid black;""><font size=""2"">洗濯表示</font></td>
    <td width=""70%"" valign=""middle"" style=""border: 1px solid black;"">
<img src=""http://image.rakuten.co.jp/guy0084/cabinet/parts/laundry05.gif"" width=""43"" height=""43"" />
<img src=""http://image.rakuten.co.jp/guy0084/cabinet/parts/laundry02.gif"" width=""43"" height=""43"" />
<img src=""http://image.rakuten.co.jp/guy0084/cabinet/parts/laundry03.gif"" width=""43"" height=""43"" />
<img src=""http://image.rakuten.co.jp/guy0084/cabinet/parts/laundry08.gif"" width=""43"" height=""43"" />
<img src=""http://image.rakuten.co.jp/guy0084/cabinet/parts/laundry00.gif"" width=""43"" height=""43"" />

</td>
  </tr>
  <tr>
    <td colspan=""2"" bgcolor=""#ede4cd"" style=""border: 1px solid black;"" height=""8""><font size=""2"">【Key Word】</font></td>
  </tr>
  <tr>
    <td style=""border: 1px solid black;"" colspan=""2""><font size=""2"">１タック、MEN'S（メンズ）、パンツ</font></td>
  </tr>
  <tr>
    <td colspan=""2"" bgcolor=""#ede4cd"" style=""border: 1px solid black;"" height=""8""><font size=""2"">ギフト包装、プレゼント包装、のし対応</font></td>
  </tr>
    <tr>
    <td style=""border: 1px solid black;"" colspan=""2""><font size=""2"">お誕生日、昇進祝い、内祝い、バレンタインデー、クリスマス<br>入学祝い、卒業祝い、就職祝い、成人式<br>父の日、敬老の日 等　各種承っております。</font></td>
  </tr>
  <tr>
    <td colspan=""2"" style=""border: 1px solid black;"" bgcolor=""#990000"" height=""8""><font color=""#FFFFFF"" size=""2"">【注意事項】</font></td>
  </tr>
  <tr>
    <td style=""border: 1px solid black;"" colspan=""2""><font size=""2"">コチラの商品は一部メーカー取り寄せ商品の為、<br>発送に５営業日かかる場合がございます。<br><br>在庫の管理には万全を期しておりますが、メーカーでの<br>在庫状況（完売）により、ご注文を変更またはキャンセル<br>させて頂く場合がございます事を予めご了承くださいませ。</font></td>
  </tr> 
  <tr>
    <td colspan=""2"" bgcolor=""#000000"" style=""border: 1px solid black;"" height=""8""><font size=""2"" color=""white"">必ずお読みください</font></td>
  </tr>
  <tr>
    <td style=""border: 1px solid black;"" colspan=""2""><font size=""2"">ご使用のモニターによって、商品画像の色が<br>
            異なって見えることがあります。<br>
            あらかじめ、ご了承頂きますよう、お願い申し上げます。<br>
            ご購入の際は、表記カラーをご確認の上<br>
            お買い求めください。<br><br>実店舗での販売も行っている為、<br>ご注文頂いたタイミングによって在庫が無い場合もございます。<br>その際は、メール等でご連絡させて頂きます。<br>ご了承くださいませ。<br><br>
    商品についての詳細はメールor直接店舗の方に<br>お電話下さい。</font></td>
  </tr>
  <tr>
    <td style=""border: 1px solid black;"" colspan=""2""><font size=""2"">ご購入前にサイズ表を必ずご確認ください。<br />
      サイズ表はコチラ</font><br><font size=""-2"">Copyright(C) メンズショップ ガイ All rights reserved.</font></td>
  </tr>
<tr><td style=""border: 1px solid black;"" colspan=""2"" align=""right""><font size=""2"">  2013/12/8【入荷】</font></td></tr>
</table>
</center><div align=""center"">

<div align=""center"">
     <img src=""https://image.rakuten.co.jp/guy0084/cabinet/campaign/0506_mara_1000.gif"" alt=""1000円クーポンプレゼント"" width=""616"" height=""120"" border=""0""><br><br>
<img src=""https://image.rakuten.co.jp/guy0084/cabinet/campaign/0506_mara_500.gif"" alt=""500円クーポンプレゼント"" width=""616"" height=""120"" border=""0""><br><br>
<img src=""https://image.rakuten.co.jp/guy0084/cabinet/campaign/0506_mara_300.gif"" alt=""300円クーポンプレゼント"" width=""616"" height=""120"" border=""0""><br><br>
<img src=""https://image.rakuten.co.jp/guy0084/cabinet/campaign/0519_social_cupon.jpg"" alt=""200円クーポンプレゼント"" width=""616"" height=""120"" border=""0""><br><br>
</div>
<p>
<img src=""http://image.rakuten.co.jp/guy0084/cabinet/campaign/cool-sp2016_01-n.jpg"" alt=""クール仕立て"" width=""616"" height=""120"" border=""0"">
</p>
<img src=""http://image.rakuten.co.jp/guy0084/cabinet/parts/welcome-600.gif"" alt=""ご来店ありがとうございます"" width=""600"" height=""30"" border=""0"">
<br><img src=""http://www.rakuten.ne.jp/gold/guy0084/parts/space.gif"" width=""5"" height=""5"" alt=""""><br>
<!--GoQSystemランキング自動更新ツールワイド-->
<table align=""center"" width=""600"" border=""0"" cellpadding=""0"" cellspacing=""0"" bgcolor=""#FFFFFF"">
<tr>
<td>
<table align=""center"" width=""600"" border=""0"" cellpadding=""0"" cellspacing=""0"" bgcolor=""#FFFFFF"">
<tr>
<td align=""center"" valign=""bottom"" bgcolor=""#cccccc""><img src=""http://www.rakuten.ne.jp/gold/guy0084/goqsystem/600rankingtitel.gif"" width=""600"" /></td>
</tr>
</table>
<table align=""center"" width=""596"" border=""0"" cellpadding=""0"" cellspacing=""0"" bgcolor=""#CCCCCC"" style=""border-left:solid;border-left-width:1px;border-right:solid;border-right-width:1px;border-bottom:solid;border-bottom-width:1px;border-color:#CCCCCC;"">
<tr>
<td align=""center"" bgcolor=""#FFFFFF"">
<div class=""ifrm-container"" style=""width:598px;height:460px;overflow:auto;-webkit-overflow-scrolling:touch;"">

</div>
</td>
</tr>
<tr>
<td align=""right"" bgcolor=""#FFFFFF"" style=""padding:2px;"">
<img src=""http://www.rakuten.ne.jp/gold/guy0084/goqsystem/powered_by_banner.gif"" width=""125"" />
</td>
</tr>
</table>
</td>
</tr>
</table>
<!--GoQSystemランキング自動更新ツールワイド-->
</div>",Agis M＆R【エィジス エムアンドアール】ワンタックスラックス/パンツ/ボトムス【グリーングレー】【SALL】【お取り寄せ】【auktn_50off】【2013/12/8】【楽天ランキング】【父の日】：オーダースーツ ＧＵＹ0084,オーダースーツオーダーシャツドレスシャツレディースオーダーシャツAgis M＆R【エィジス エムアンドアール】ワンタックスラックス/パンツ/ボトムス【グリーングレー】【SALL】【お取り寄せ】【auktn_50off】【2013/12/8】【楽天ランキング】【父の日】,【秋冬物】【送料無料】。Agis M＆R【エィジス エムアンドアール】ワンタックスラックス/パンツ/ボトムス【グリーングレー】【SALL】【お取り寄せ】【auktn_50off】【2013/12/8】【楽天ランキング】【父の日】[rn]
13-87888,http://tshop.r10s.jp/guy0084/cabinet/off-img/slacks/mls60013-a_m.jpg?fitin=700:700,6320.0000,,メンズファッション > ズボン・パンツ,【春夏物】Agis M＆R【エィジス エムアンドアール】ローライズノータックスラックス【ブラックストライプ】【お取り寄せ】【4s9w】【楽天ランキング】【父の日】【2015/6/11】,【春夏物】【送料無料】,"<!--QRコード-->
<center>
<table width=""355"" border=""0"" cellspacing=""0"" cellpadding=""0"">
<tr>
    <td colspan=""2"" align=""center""><font size=""2"" color=""#800000""><!-- 携帯ポイント企画 --></font><br>
<img src=""http://image.rakuten.co.jp/guy0084/cabinet/parts/souryou_bn01.gif"" alt=""送料のご案内"" width=""410"" height=""80"" border=""0""><br><font size=""2"">発送からのお届け予定日時間帯</font></td>
    </tr>
  <tr>
    <td align=""center""><img src=""http://image.rakuten.co.jp/guy0084/cabinet/parts/mobile-cart.gif"" alt=""携帯から注文する"" width=""215"" height=""100"" border=""0"" /></td>
    <td align=""center""><img src=""http://image.rakuten.co.jp/guy0084/cabinet/qr-code-001/mls60013-a.jpg"" alt=""携帯へアクセス"" width=""111"" height=""111"" border=""0""></td>
  </tr>
  </table>
</center>
<!--QRコードend-->
<!--ギフトアイコン-->
<center>
<table border=""0"" cellspacing=""0"" cellpadding=""2"">
<tr>
<td valign=""middle"" nowrap><font size=""-1"">ギフト対応<br>
  詳しくはコチラ</font></td>
<td valign=""baseline"">
<img src=""http://image.rakuten.co.jp/guy0084/cabinet/parts/icon_wrapping.gif"" alt=""ラッピング対応"" width=""100"" height=""21"" hspace=""1"">
<img src=""http://image.rakuten.co.jp/guy0084/cabinet/parts/icon_noshi.gif"" alt=""のし対応"" width=""100"" height=""21"" hspace=""1"">
<img src=""http://image.rakuten.co.jp/guy0084/cabinet/parts/icon_noshi_kimei.gif"" alt=""のし記名可"" width=""100"" height=""21"" hspace=""1""></td>
</tr>
</table>
<br><img src=""http://www.rakuten.ne.jp/gold/guy0084/parts/space.gif"" width=""1"" height=""10"" alt="""" /><br>
</center>
<!--ギフトアイコンend-->
<center><!--イベント用-->
<img src=""http://www.rakuten.ne.jp/gold/guy0084/parts/space.gif"" width=""1"" height=""5"" alt=""""><br>

<table  width=""355"" border=""3"" bordercolor=""#1F0B09"" frame=""box"">
  <tr>
    <td width=""30%""  align=""center"" valign=""middle"" style=""border: 1px solid black;""><font size=""2"">ブランド</font></td>
    <td style=""border: 1px solid black;"" width=""70%""><font size=""2"">Agis M&R【エィジス エムアンドアール】</font></td>
  </tr>
  <tr>
    <td width=""30%"" height=""8"" align=""center"" style=""border: 1px solid black;""><font size=""2"">サイズ</font></td>
    <td style=""border: 1px solid black;"" width=""70%""><font size=""2"">73(76)、76(79)、79(82)、82(85)、85(88)、88(91)、91(94)</font></td>
  </tr>
  <tr>
    <td width=""30%"" align=""center"" valign=""middle"" style=""border: 1px solid black;""><font size=""2"">素材</font></td>
    <td style=""border: 1px solid black;"" width=""70%""><font size=""2"">毛：50％、ポリエステル：50％</font></td>
  </tr>
  <tr>
    <td width=""30%"" align=""center"" valign=""middle"" style=""border: 1px solid black;""><font size=""2"">カラー</font></td>
    <td style=""border: 1px solid black;"" width=""70%""><font size=""2"">ブラックストライプ</font></td>
  </tr>
  <tr>
    <td width=""30%"" align=""center"" valign=""middle"" style=""border: 1px solid black;""><font size=""2"">スタイル</font></td>
    <td style=""border: 1px solid black;"" width=""70%""><font size=""2"">ジャケット（ブレザー）、ブルゾン（ジャンバー）<br>ワイシャツ、カッターシャツ、ドレスシャツ<br>ポロシャツ、ビジネススタイル<br>スーツスタイル、オフィススタイル<br>パーティ、婚活、２次会</font></td>
  </tr>
  <tr>
    <td width=""30%"" align=""center"" valign=""middle"" style=""border: 1px solid black;""><font size=""2"">洗濯表示</font></td>
    <td width=""70%"" valign=""middle"" style=""border: 1px solid black;"">
<img src=""http://image.rakuten.co.jp/guy0084/cabinet/parts/laundry05.gif"" width=""43"" height=""43"" />
<img src=""http://image.rakuten.co.jp/guy0084/cabinet/parts/laundry02.gif"" width=""43"" height=""43"" />
<img src=""http://image.rakuten.co.jp/guy0084/cabinet/parts/laundry03.gif"" width=""43"" height=""43"" />
<img src=""http://image.rakuten.co.jp/guy0084/cabinet/parts/laundry06.gif"" width=""43"" height=""43"" />
<img src=""http://image.rakuten.co.jp/guy0084/cabinet/parts/laundry01.gif"" width=""43"" height=""43"" />
<img src=""http://image.rakuten.co.jp/guy0084/cabinet/parts/laundry10.gif"" width=""43"" height=""43"" />
<font size=""2""><br>タンブラー乾燥は避けてください<br>漂白剤は使用しないでください</font>
</td>
  </tr>
  <tr>
    <td colspan=""2"" bgcolor=""#ede4cd"" style=""border: 1px solid black;"" height=""8""><font size=""2"">【Key Word】</font></td>
  </tr>
  <tr>
    <td style=""border: 1px solid black;"" colspan=""2""><font size=""2"">MEN'S（メンズ）、ノータック、ローライズ、<br>ビジネス、会合、婚活、寄り合い、旅行<br>ひざ当て付、COOL BIZ（クールビズ）</font></td>
  </tr>
  <tr>
    <td colspan=""2"" bgcolor=""#ede4cd"" style=""border: 1px solid black;"" height=""8""><font size=""2"">ギフト包装、プレゼント包装、のし対応</font></td>
  </tr>
  <tr>
    <td style=""border: 1px solid black;"" colspan=""2""><font size=""2"">お誕生日、昇進祝い、内祝い、バレンタインデー、クリスマス<br>入学祝い、卒業祝い、就職祝い、成人式<br>父の日、敬老の日 等　各種承っております。</font></td>
  </tr>
  <tr>
    <td colspan=""2"" bgcolor=""#000000"" style=""border: 1px solid black;"" height=""8""><font size=""2"" color=""white"">必ずお読みください</font></td>
  </tr>
  <tr>
    <td style=""border: 1px solid black;"" colspan=""2""><font size=""2"">ご使用のモニターによって、商品画像の色が<br>
            異なって見えることがあります。<br>
            あらかじめ、ご了承頂きますよう、お願い申し上げます。<br>
            ご購入の際は、表記カラーをご確認の上<br>
            お買い求めください。<br><br>実店舗での販売も行っている為、<br>ご注文頂いたタイミングによって在庫が無い場合もございます。<br>その際は、メール等でご連絡させて頂きます。<br>ご了承くださいませ。<br><br>
    商品についての詳細はメールor直接店舗の方に<br>お電話下さい。</font></td>
  </tr>
  <tr>
    <td style=""border: 1px solid black;"" colspan=""2""><font size=""2"">ご購入前にサイズ表を必ずご確認ください。<br />
      サイズ表はコチラ</font><br><font size=""-2"">Copyright(C) メンズショップ ガイ All rights reserved.</font></td>
  </tr>
<tr><td style=""border: 1px solid black;"" colspan=""2"" align=""right""><font size=""2"">2015/6/11【入荷】</font></td></tr>
</table>
<!-- エビデンス -->
 <p><font size=""2"">メーカー希望小売価格はメーカー商品タグに基づいて掲載しています。</font><br />
 <img src=""http://image.rakuten.co.jp/guy0084/cabinet/evidence/evidence_mls60013-a.jpg"" alt=""メーカー希望小売価格"" width=""300"" height=""300"" border=""0""> </p>
</center><div align=""center"">

<div align=""center"">
     <img src=""https://image.rakuten.co.jp/guy0084/cabinet/campaign/0506_mara_1000.gif"" alt=""1000円クーポンプレゼント"" width=""616"" height=""120"" border=""0""><br><br>
<img src=""https://image.rakuten.co.jp/guy0084/cabinet/campaign/0506_mara_500.gif"" alt=""500円クーポンプレゼント"" width=""616"" height=""120"" border=""0""><br><br>
<img src=""https://image.rakuten.co.jp/guy0084/cabinet/campaign/0506_mara_300.gif"" alt=""300円クーポンプレゼント"" width=""616"" height=""120"" border=""0""><br><br>
<img src=""https://image.rakuten.co.jp/guy0084/cabinet/campaign/0519_social_cupon.jpg"" alt=""200円クーポンプレゼント"" width=""616"" height=""120"" border=""0""><br><br>
</div>
<p>
<img src=""http://image.rakuten.co.jp/guy0084/cabinet/campaign/cool-sp2016_01-n.jpg"" alt=""クール仕立て"" width=""616"" height=""120"" border=""0"">
</p>
<img src=""http://image.rakuten.co.jp/guy0084/cabinet/parts/welcome-600.gif"" alt=""ご来店ありがとうございます"" width=""600"" height=""30"" border=""0"">
<br><img src=""http://www.rakuten.ne.jp/gold/guy0084/parts/space.gif"" width=""5"" height=""5"" alt=""""><br>
<!--GoQSystemランキング自動更新ツールワイド-->
<table align=""center"" width=""600"" border=""0"" cellpadding=""0"" cellspacing=""0"" bgcolor=""#FFFFFF"">
<tr>
<td>
<table align=""center"" width=""600"" border=""0"" cellpadding=""0"" cellspacing=""0"" bgcolor=""#FFFFFF"">
<tr>
<td align=""center"" valign=""bottom"" bgcolor=""#cccccc""><img src=""http://www.rakuten.ne.jp/gold/guy0084/goqsystem/600rankingtitel.gif"" width=""600"" /></td>
</tr>
</table>
<table align=""center"" width=""596"" border=""0"" cellpadding=""0"" cellspacing=""0"" bgcolor=""#CCCCCC"" style=""border-left:solid;border-left-width:1px;border-right:solid;border-right-width:1px;border-bottom:solid;border-bottom-width:1px;border-color:#CCCCCC;"">
<tr>
<td align=""center"" bgcolor=""#FFFFFF"">
<div class=""ifrm-container"" style=""width:598px;height:460px;overflow:auto;-webkit-overflow-scrolling:touch;"">

</div>
</td>
</tr>
<tr>
<td align=""right"" bgcolor=""#FFFFFF"" style=""padding:2px;"">
<img src=""http://www.rakuten.ne.jp/gold/guy0084/goqsystem/powered_by_banner.gif"" width=""125"" />
</td>
</tr>
</table>
</td>
</tr>
</table>
<!--GoQSystemランキング自動更新ツールワイド-->
</div>",【春夏物】Agis M＆R【エィジス エムアンドアール】ローライズノータックスラックス【ブラックストライプ】【お取り寄せ】【4s9w】【楽天ランキング】【父の日】【2015/6/11】：オーダースーツ ＧＵＹ0084,オーダースーツオーダーシャツドレスシャツレディースオーダーシャツ【春夏物】Agis M＆R【エィジス エムアンドアール】ローライズノータックスラックス【ブラックストライプ】【お取り寄せ】【4s9w】【楽天ランキング】【父の日】【2015/6/11】,【春夏物】【送料無料】。【春夏物】Agis M＆R【エィジス エムアンドアール】ローライズノータックスラックス【ブラックストライプ】【お取り寄せ】【4s9w】【楽天ランキング】【父の日】【2015/6/11】[rn]
13-87889,http://tshop.r10s.jp/guy0084/cabinet/off-img/slacks/15-2841c1_m.jpg?fitin=700:700,8000.0000,,メンズファッション > ズボン・パンツ,Agis M＆R【エィジス エムアンドアール】ツータックスラックス/パンツ/ボトムス【ブラック】【SALL】【お取り寄せ】【4s9w】【auktn_50off】【2013/12/8】【楽天ランキング】【父の日】,【秋冬物】【送料無料】,"<!--QRコード-->
<center>
<table width=""355"" border=""0"" cellspacing=""0"" cellpadding=""0"">
<tr>
    <td colspan=""2"" align=""center""><font size=""2"" color=""#800000""><!-- 携帯ポイント企画 --></font><br>
<img src=""http://image.rakuten.co.jp/guy0084/cabinet/parts/souryou_bn01.gif"" alt=""送料のご案内"" width=""410"" height=""80"" border=""0""><br><font size=""2"">発送からのお届け予定日時間帯</font></td>
    </tr>
  <tr>
    <td align=""center""><img src=""http://image.rakuten.co.jp/guy0084/cabinet/parts/mobile-cart.gif"" alt=""携帯から注文する"" width=""215"" height=""100"" border=""0"" /></td>
    <td align=""center""><img src=""http://image.rakuten.co.jp/guy0084/cabinet/qr-code-003/15-2841c1.jpg"" alt=""携帯へアクセス"" width=""111"" height=""111"" border=""0""></td>
  </tr>
  </table>
</center>
<!--QRコードend-->
<!--ギフトアイコン-->
<center>
<table border=""0"" cellspacing=""0"" cellpadding=""2"">
<tr>
<td valign=""middle"" nowrap><font size=""-1"">ギフト対応<br>
  詳しくはコチラ</font></td>
<td valign=""baseline"">
<img src=""http://image.rakuten.co.jp/guy0084/cabinet/parts/icon_wrapping.gif"" alt=""ラッピング対応"" width=""100"" height=""21"" hspace=""1"">
<img src=""http://image.rakuten.co.jp/guy0084/cabinet/parts/icon_noshi.gif"" alt=""のし対応"" width=""100"" height=""21"" hspace=""1"">
<img src=""http://image.rakuten.co.jp/guy0084/cabinet/parts/icon_noshi_kimei.gif"" alt=""のし記名可"" width=""100"" height=""21"" hspace=""1""></td>
</tr>
</table>
<br><img src=""http://www.rakuten.ne.jp/gold/guy0084/parts/space.gif"" width=""1"" height=""10"" alt="""" /><br>
</center>
<!--ギフトアイコンend-->
<center><!--イベント用-->
<table  width=""355"" border=""3"" bordercolor=""#1F0B09"" frame=""box"">
  <tr>
    <td width=""30%""  align=""center"" valign=""middle"" style=""border: 1px solid black;""><font size=""2"">ブランド</font></td>
    <td style=""border: 1px solid black;"" width=""70%""><font size=""2"">Agis M&R【エィジス エムアンドアール】</font></td>
  </tr>
  <tr>
    <td width=""30%"" height=""8"" align=""center"" style=""border: 1px solid black;""><font size=""2"">サイズ</font></td>
    <td style=""border: 1px solid black;"" width=""70%""><font size=""2"">85</font></td>
  </tr>
  <tr>
    <td width=""30%"" align=""center"" valign=""middle"" style=""border: 1px solid black;""><font size=""2"">素材</font></td>
    <td style=""border: 1px solid black;"" width=""70%""><font size=""2"">ポリエステル100％【スウェードピケ】<br>Made in JAPAN【日本製】</font></td>
  </tr>
  <tr>
    <td width=""30%"" align=""center"" valign=""middle"" style=""border: 1px solid black;""><font size=""2"">カラー</font></td>
    <td style=""border: 1px solid black;"" width=""70%""><font size=""2"">ブラック</font></td>
  </tr>
  <tr>
    <td width=""30%"" align=""center"" valign=""middle"" style=""border: 1px solid black;""><font size=""2"">スタイル</font></td>
    <td style=""border: 1px solid black;"" width=""70%""><font size=""2"">ジャケット（ブレザー）、ブルゾン（ジャンバー）ワイシャツ、カッターシャツ、ドレスシャツ、ビジネススタイル、スーツスタイル、オフィススタイル、パーティ、クリスマス、婚活、結婚式、披露宴、２次会</font></td>
  </tr>
  <tr>
    <td width=""30%"" align=""center"" valign=""middle"" style=""border: 1px solid black;""><font size=""2"">洗濯表示</font></td>
    <td width=""70%"" valign=""middle"" style=""border: 1px solid black;"">
<img src=""http://image.rakuten.co.jp/guy0084/cabinet/parts/laundry09.gif"" width=""43"" height=""43"" />
<img src=""http://image.rakuten.co.jp/guy0084/cabinet/parts/laundry02.gif"" width=""43"" height=""43"" />
<img src=""http://image.rakuten.co.jp/guy0084/cabinet/parts/laundry03.gif"" width=""43"" height=""43"" />
<img src=""http://image.rakuten.co.jp/guy0084/cabinet/parts/laundry08.gif"" width=""43"" height=""43"" />
<img src=""http://image.rakuten.co.jp/guy0084/cabinet/parts/laundry00.gif"" width=""43"" height=""43"" />

</td>
  </tr>
  <tr>
    <td colspan=""2"" bgcolor=""#ede4cd"" style=""border: 1px solid black;"" height=""8""><font size=""2"">【Key Word】</font></td>
  </tr>
  <tr>
    <td style=""border: 1px solid black;"" colspan=""2""><font size=""2"">2タック、MEN'S（メンズ）、パンツ</font></td>
  </tr>
  <tr>
    <td colspan=""2"" bgcolor=""#ede4cd"" style=""border: 1px solid black;"" height=""8""><font size=""2"">ギフト包装、プレゼント包装、のし対応</font></td>
  </tr>
    <tr>
    <td style=""border: 1px solid black;"" colspan=""2""><font size=""2"">お誕生日、昇進祝い、内祝い、バレンタインデー、クリスマス<br>入学祝い、卒業祝い、就職祝い、成人式<br>父の日、敬老の日 等　各種承っております。</font></td>
  </tr>
  <tr>
    <td colspan=""2"" style=""border: 1px solid black;"" bgcolor=""#990000"" height=""8""><font color=""#FFFFFF"" size=""2"">【注意事項】</font></td>
  </tr>
  <tr>
    <td style=""border: 1px solid black;"" colspan=""2""><font size=""2"">コチラの商品は一部メーカー取り寄せ商品の為、<br>発送に５営業日かかる場合がございます。<br><br>在庫の管理には万全を期しておりますが、メーカーでの<br>在庫状況（完売）により、ご注文を変更またはキャンセル<br>させて頂く場合がございます事を予めご了承くださいませ。</font></td>
  </tr> 
  <tr>
    <td colspan=""2"" bgcolor=""#000000"" style=""border: 1px solid black;"" height=""8""><font size=""2"" color=""white"">必ずお読みください</font></td>
  </tr>
  <tr>
    <td style=""border: 1px solid black;"" colspan=""2""><font size=""2"">ご使用のモニターによって、商品画像の色が<br>
            異なって見えることがあります。<br>
            あらかじめ、ご了承頂きますよう、お願い申し上げます。<br>
            ご購入の際は、表記カラーをご確認の上<br>
            お買い求めください。<br><br>実店舗での販売も行っている為、<br>ご注文頂いたタイミングによって在庫が無い場合もございます。<br>その際は、メール等でご連絡させて頂きます。<br>ご了承くださいませ。<br><br>
    商品についての詳細はメールor直接店舗の方に<br>お電話下さい。</font></td>
  </tr>
  <tr>
    <td style=""border: 1px solid black;"" colspan=""2""><font size=""2"">ご購入前にサイズ表を必ずご確認ください。<br />
      サイズ表はコチラ</font><br><font size=""-2"">Copyright(C) メンズショップ ガイ All rights reserved.</font></td>
  </tr>
<tr><td style=""border: 1px solid black;"" colspan=""2"" align=""right""><font size=""2"">  2013/12/8【入荷】</font></td></tr>
</table>
</center><div align=""center"">

<div align=""center"">
     <img src=""https://image.rakuten.co.jp/guy0084/cabinet/campaign/0506_mara_1000.gif"" alt=""1000円クーポンプレゼント"" width=""616"" height=""120"" border=""0""><br><br>
<img src=""https://image.rakuten.co.jp/guy0084/cabinet/campaign/0506_mara_500.gif"" alt=""500円クーポンプレゼント"" width=""616"" height=""120"" border=""0""><br><br>
<img src=""https://image.rakuten.co.jp/guy0084/cabinet/campaign/0506_mara_300.gif"" alt=""300円クーポンプレゼント"" width=""616"" height=""120"" border=""0""><br><br>
<img src=""https://image.rakuten.co.jp/guy0084/cabinet/campaign/0519_social_cupon.jpg"" alt=""200円クーポンプレゼント"" width=""616"" height=""120"" border=""0""><br><br>
</div>
<p>
<img src=""http://image.rakuten.co.jp/guy0084/cabinet/campaign/cool-sp2016_01-n.jpg"" alt=""クール仕立て"" width=""616"" height=""120"" border=""0"">
</p>
<img src=""http://image.rakuten.co.jp/guy0084/cabinet/parts/welcome-600.gif"" alt=""ご来店ありがとうございます"" width=""600"" height=""30"" border=""0"">
<br><img src=""http://www.rakuten.ne.jp/gold/guy0084/parts/space.gif"" width=""5"" height=""5"" alt=""""><br>
<!--GoQSystemランキング自動更新ツールワイド-->
<table align=""center"" width=""600"" border=""0"" cellpadding=""0"" cellspacing=""0"" bgcolor=""#FFFFFF"">
<tr>
<td>
<table align=""center"" width=""600"" border=""0"" cellpadding=""0"" cellspacing=""0"" bgcolor=""#FFFFFF"">
<tr>
<td align=""center"" valign=""bottom"" bgcolor=""#cccccc""><img src=""http://www.rakuten.ne.jp/gold/guy0084/goqsystem/600rankingtitel.gif"" width=""600"" /></td>
</tr>
</table>
<table align=""center"" width=""596"" border=""0"" cellpadding=""0"" cellspacing=""0"" bgcolor=""#CCCCCC"" style=""border-left:solid;border-left-width:1px;border-right:solid;border-right-width:1px;border-bottom:solid;border-bottom-width:1px;border-color:#CCCCCC;"">
<tr>
<td align=""center"" bgcolor=""#FFFFFF"">
<div class=""ifrm-container"" style=""width:598px;height:460px;overflow:auto;-webkit-overflow-scrolling:touch;"">

</div>
</td>
</tr>
<tr>
<td align=""right"" bgcolor=""#FFFFFF"" style=""padding:2px;"">
<img src=""http://www.rakuten.ne.jp/gold/guy0084/goqsystem/powered_by_banner.gif"" width=""125"" />
</td>
</tr>
</table>
</td>
</tr>
</table>
<!--GoQSystemランキング自動更新ツールワイド-->
</div>",Agis M＆R【エィジス エムアンドアール】ツータックスラックス/パンツ/ボトムス【ブラック】【SALL】【お取り寄せ】【4s9w】【auktn_50off】【2013/12/8】【楽天ランキング】【父の日】：オーダースーツ ＧＵＹ0084,オーダースーツオーダーシャツドレスシャツレディースオーダーシャツAgis M＆R【エィジス エムアンドアール】ツータックスラックス/パンツ/ボトムス【ブラック】【SALL】【お取り寄せ】【4s9w】【auktn_50off】【2013/12/8】【楽天ランキング】【父の日】,【秋冬物】【送料無料】。Agis M＆R【エィジス エムアンドアール】ツータックスラックス/パンツ/ボトムス【ブラック】【SALL】【お取り寄せ】【4s9w】【auktn_50off】【2013/12/8】【楽天ランキング】【父の日】[rn]
13-87890,http://tshop.r10s.jp/guy0084/cabinet/off-img/slacks/4081_m.jpg?fitin=700:700,5444.8000,,メンズファッション > ズボン・パンツ,【春夏物】Agis M＆R【エィジス エムアンドアール】ツータックスラックス【ネイビー/グレー/グリーン/ブラック】【半額】【お取り寄せ】【auktn_50off】【2015/5/15】【楽天ランキング】【父の日】【1u1n】,【送料無料】,"<!--QRコード-->
<center>
<table width=""355"" border=""0"" cellspacing=""0"" cellpadding=""0"">
<tr>
    <td colspan=""2"" align=""center""><font size=""2"" color=""#800000""><!-- 携帯ポイント企画 --></font><br>
<img src=""http://image.rakuten.co.jp/guy0084/cabinet/parts/souryou_bn01.gif"" alt=""送料のご案内"" width=""410"" height=""80"" border=""0""><br><font size=""2"">発送からのお届け予定日時間帯</font></td>
    </tr>
  <tr>
    <td align=""center""><img src=""http://image.rakuten.co.jp/guy0084/cabinet/parts/mobile-cart.gif"" alt=""携帯から注文する"" width=""215"" height=""100"" border=""0"" /></td>
    <td align=""center""><img src=""http://image.rakuten.co.jp/guy0084/cabinet/qr-code-001/4081.jpg"" alt=""携帯へアクセス"" width=""111"" height=""111"" border=""0""></td>
  </tr>
  </table>
</center>
<!--QRコードend-->
<center><!--イベント用--><br>
<img src=""http://www.rakuten.ne.jp/gold/guy0084/parts/space.gif"" width=""1"" height=""5"" alt=""""><br>

<table  width=""355"" border=""3"" bordercolor=""#1F0B09"" frame=""box"">
  <tr>
    <td width=""30%""  align=""center"" valign=""middle"" style=""border: 1px solid black;""><font size=""2"">ブランド</font></td>
    <td style=""border: 1px solid black;"" width=""70%""><font size=""2"">Agis M&R【エィジス エムアンドアール】</font></td>
  </tr>
  <tr>
    <td width=""30%"" height=""8"" align=""center"" style=""border: 1px solid black;""><font size=""2"">サイズ</font></td>
    <td style=""border: 1px solid black;"" width=""70%""><font size=""2"">79、82、85、88、91、94、97、100</font></td>
  </tr>
  <tr>
    <td width=""30%"" align=""center"" valign=""middle"" style=""border: 1px solid black;""><font size=""2"">素材</font></td>
    <td style=""border: 1px solid black;"" width=""70%""><font size=""2"">ポリエステル100％<br>Coolfriede【クールフリーデ】<br>TEIJIN</font></td>
  </tr>
  <tr>
    <td width=""30%"" align=""center"" valign=""middle"" style=""border: 1px solid black;""><font size=""2"">カラー</font></td>
    <td style=""border: 1px solid black;"" width=""70%""><font size=""2"">ネイビー<br>グレー<br>ライトグリーン<br>ブラック</font></td>
  </tr>
  <tr>
    <td width=""30%"" align=""center"" valign=""middle"" style=""border: 1px solid black;""><font size=""2"">スタイル</font></td>
    <td style=""border: 1px solid black;"" width=""70%""><font size=""2"">2タック、MEN'S（メンズ）、パンツ<br>ゴルフ、会合、婚活、寄り合い、旅行</font></td>
  </tr>
<tr>
    <td width=""30%"" align=""center"" valign=""middle"" style=""border: 1px solid black;""><font size=""2"">洗濯表示</font></td>
    <td width=""70%"" valign=""middle"" style=""border: 1px solid black;"">
<img src=""http://image.rakuten.co.jp/guy0084/cabinet/parts/laundry27.gif"" width=""43"" height=""43"" />
<img src=""http://image.rakuten.co.jp/guy0084/cabinet/parts/laundry02.gif"" width=""43"" height=""43"" />
<img src=""http://image.rakuten.co.jp/guy0084/cabinet/parts/laundry03.gif"" width=""43"" height=""43"" /><br>
<img src=""http://image.rakuten.co.jp/guy0084/cabinet/parts/laundry10.gif"" width=""43"" height=""43"" />
<img src=""http://image.rakuten.co.jp/guy0084/cabinet/parts/laundry06.gif"" width=""43"" height=""43"" />
 <img src=""http://image.rakuten.co.jp/guy0084/cabinet/parts/laundry01.gif"" width=""43"" height=""43"" />
</td>
  </tr>
  
  <tr>
    <td colspan=""2"" bgcolor=""#ede4cd"" style=""border: 1px solid black;"" height=""8""><font size=""2"">【Key Word】</font></td>
  </tr>
  <tr>
    <td style=""border: 1px solid black;"" colspan=""2""><font size=""2"">ジャケット（ブレザー）、ブルゾン（ジャンバー）<br>ワイシャツ、カッターシャツ<br>ドレスシャツ、ビジネススタイル<br>スーツスタイル、オフィススタイル<br>パーティ、クリスマス、<br>婚活、結婚式、披露宴、２次会</font></td>
  </tr>
  <tr>
    <td colspan=""2"" bgcolor=""#ede4cd"" style=""border: 1px solid black;"" height=""8""><font size=""2"">ギフト、プレゼント</font></td>
  </tr>
  <tr>
    <td style=""border: 1px solid black;"" colspan=""2""><font size=""2"">お誕生日、昇進祝い、内祝い、バレンタインデー、クリスマス<br>入学祝い、卒業祝い、成人式、父の日、敬老の日 等<br>におススメです。</font></td>
  </tr>
  <tr>
    <td colspan=""2"" style=""border: 1px solid black;"" bgcolor=""#990000"" height=""8""><font color=""#FFFFFF"" size=""2"">【注意事項】</font></td>
  </tr>
  <tr>
    <td style=""border: 1px solid black;"" colspan=""2""><font size=""2"">コチラの商品は一部メーカー取り寄せ商品の為、<br>発送に５営業日かかる場合がございます。<br><br>在庫の管理には万全を期しておりますが、メーカーでの<br>在庫状況（完売）により、ご注文を変更またはキャンセル<br>させて頂く場合がございます事を予めご了承くださいませ。</font></td>
  </tr>
  <tr>
    <td colspan=""2"" bgcolor=""#000000"" style=""border: 1px solid black;"" height=""8""><font size=""2"" color=""white"">必ずお読みください</font></td>
  </tr>
  <tr>
    <td style=""border: 1px solid black;"" colspan=""2""><font size=""2"">ご使用のモニターによって、商品画像の色が<br>
            異なって見えることがあります。<br>
            あらかじめ、ご了承頂きますよう、お願い申し上げます。<br>
            ご購入の際は、表記カラーをご確認の上<br>
            お買い求めください。<br><br>実店舗での販売も行っている為、<br>ご注文頂いたタイミングによって在庫が無い場合もございます。<br>その際は、メール等でご連絡させて頂きます。<br>ご了承くださいませ。<br><br>
現在庫がない商品につきましても、<br>お取り寄せが可能な場合もございますので、<br>お問合せください。<br><br>
    商品についての詳細はメールor直接店舗の方に<br>お電話下さい。</font></td>
  </tr>
  <tr>
    <td style=""border: 1px solid black;"" colspan=""2""><font size=""2"">ご購入前にサイズ表を必ずご確認ください。<br />
      サイズ表はコチラ</font><br><font size=""-2"">Copyright(C) メンズショップ ガイ All rights reserved.</font></td>
  </tr>
<tr><td style=""border: 1px solid black;"" colspan=""2"" align=""right""><font size=""2"">2015/5/15【入荷】</font></td></tr>
</table>
<!-- エビデンス -->
 <p><font size=""2"">メーカー希望小売価格はメーカー商品タグに基づいて掲載しています。</font><br />
 <img src=""http://image.rakuten.co.jp/guy0084/cabinet/evidence/evidence_4081.jpg"" alt=""メーカー希望小売価格"" width=""300"" height=""300"" border=""0""> </p>
</center><div align=""center"">

<div align=""center"">
     <img src=""https://image.rakuten.co.jp/guy0084/cabinet/campaign/0506_mara_1000.gif"" alt=""1000円クーポンプレゼント"" width=""616"" height=""120"" border=""0""><br><br>
<img src=""https://image.rakuten.co.jp/guy0084/cabinet/campaign/0506_mara_500.gif"" alt=""500円クーポンプレゼント"" width=""616"" height=""120"" border=""0""><br><br>
<img src=""https://image.rakuten.co.jp/guy0084/cabinet/campaign/0506_mara_300.gif"" alt=""300円クーポンプレゼント"" width=""616"" height=""120"" border=""0""><br><br>
<img src=""https://image.rakuten.co.jp/guy0084/cabinet/campaign/0519_social_cupon.jpg"" alt=""200円クーポンプレゼント"" width=""616"" height=""120"" border=""0""><br><br>
</div>
<p>
<img src=""http://image.rakuten.co.jp/guy0084/cabinet/campaign/cool-sp2016_01-n.jpg"" alt=""クール仕立て"" width=""616"" height=""120"" border=""0"">
</p>
<img src=""http://image.rakuten.co.jp/guy0084/cabinet/parts/welcome-600.gif"" alt=""ご来店ありがとうございます"" width=""600"" height=""30"" border=""0"">
<br><img src=""http://www.rakuten.ne.jp/gold/guy0084/parts/space.gif"" width=""5"" height=""5"" alt=""""><br>
<!--GoQSystemランキング自動更新ツールワイド-->
<table align=""center"" width=""600"" border=""0"" cellpadding=""0"" cellspacing=""0"" bgcolor=""#FFFFFF"">
<tr>
<td>
<table align=""center"" width=""600"" border=""0"" cellpadding=""0"" cellspacing=""0"" bgcolor=""#FFFFFF"">
<tr>
<td align=""center"" valign=""bottom"" bgcolor=""#cccccc""><img src=""http://www.rakuten.ne.jp/gold/guy0084/goqsystem/600rankingtitel.gif"" width=""600"" /></td>
</tr>
</table>
<table align=""center"" width=""596"" border=""0"" cellpadding=""0"" cellspacing=""0"" bgcolor=""#CCCCCC"" style=""border-left:solid;border-left-width:1px;border-right:solid;border-right-width:1px;border-bottom:solid;border-bottom-width:1px;border-color:#CCCCCC;"">
<tr>
<td align=""center"" bgcolor=""#FFFFFF"">
<div class=""ifrm-container"" style=""width:598px;height:460px;overflow:auto;-webkit-overflow-scrolling:touch;"">

</div>
</td>
</tr>
<tr>
<td align=""right"" bgcolor=""#FFFFFF"" style=""padding:2px;"">
<img src=""http://www.rakuten.ne.jp/gold/guy0084/goqsystem/powered_by_banner.gif"" width=""125"" />
</td>
</tr>
</table>
</td>
</tr>
</table>
<!--GoQSystemランキング自動更新ツールワイド-->
</div>",【春夏物】Agis M＆R【エィジス エムアンドアール】ツータックスラックス【ネイビー/グレー/グリーン/ブラック】【半額】【お取り寄せ】【auktn_50off】【2015/5/15】【楽天ランキング】【父の日】【1u1n】：オーダースーツ ＧＵＹ0084,オーダースーツオーダーシャツドレスシャツレディースオーダーシャツ【春夏物】Agis M＆R【エィジス エムアンドアール】ツータックスラックス【ネイビー/グレー/グリーン/ブラック】【半額】【お取り寄せ】【auktn_50off】【2015/5/15】【楽天ランキング】【父の日】【1u1n】,【送料無料】。【春夏物】Agis M＆R【エィジス エムアンドアール】ツータックスラックス【ネイビー/グレー/グリーン/ブラック】【半額】【お取り寄せ】【auktn_50off】【2015/5/15】【楽天ランキング】【父の日】【1u1n】[rn]
13-87891,http://tshop.r10s.jp/guy0084/cabinet/off-img/slacks/15-2840c1_m.jpg?fitin=700:700,8000.0000,,メンズファッション > ズボン・パンツ,Agis M＆R【エィジス エムアンドアール】ツータックスラックス/パンツ/ボトムス【ブラック】【SALL】【お取り寄せ】【4s9w】【auktn_50off】【2013/12/8】【楽天ランキング】【父の日】,【秋冬物】【送料無料】,"<!--QRコード-->
<center>
<table width=""355"" border=""0"" cellspacing=""0"" cellpadding=""0"">
<tr>
    <td colspan=""2"" align=""center""><font size=""2"" color=""#800000""><!-- 携帯ポイント企画 --></font><br>
<img src=""http://image.rakuten.co.jp/guy0084/cabinet/parts/souryou_bn01.gif"" alt=""送料のご案内"" width=""410"" height=""80"" border=""0""><br><font size=""2"">発送からのお届け予定日時間帯</font></td>
    </tr>
  <tr>
    <td align=""center""><img src=""http://image.rakuten.co.jp/guy0084/cabinet/parts/mobile-cart.gif"" alt=""携帯から注文する"" width=""215"" height=""100"" border=""0"" /></td>
    <td align=""center""><img src=""http://image.rakuten.co.jp/guy0084/cabinet/qr-code-003/15-2840c1.jpg"" alt=""携帯へアクセス"" width=""111"" height=""111"" border=""0""></td>
  </tr>
  </table>
</center>
<!--QRコードend-->
<!--ギフトアイコン-->
<center>
<table border=""0"" cellspacing=""0"" cellpadding=""2"">
<tr>
<td valign=""middle"" nowrap><font size=""-1"">ギフト対応<br>
  詳しくはコチラ</font></td>
<td valign=""baseline"">
<img src=""http://image.rakuten.co.jp/guy0084/cabinet/parts/icon_wrapping.gif"" alt=""ラッピング対応"" width=""100"" height=""21"" hspace=""1"">
<img src=""http://image.rakuten.co.jp/guy0084/cabinet/parts/icon_noshi.gif"" alt=""のし対応"" width=""100"" height=""21"" hspace=""1"">
<img src=""http://image.rakuten.co.jp/guy0084/cabinet/parts/icon_noshi_kimei.gif"" alt=""のし記名可"" width=""100"" height=""21"" hspace=""1""></td>
</tr>
</table>
<br><img src=""http://www.rakuten.ne.jp/gold/guy0084/parts/space.gif"" width=""1"" height=""10"" alt="""" /><br>
</center>
<!--ギフトアイコンend-->
<center><!--イベント用-->
<table  width=""355"" border=""3"" bordercolor=""#1F0B09"" frame=""box"">
  <tr>
    <td width=""30%""  align=""center"" valign=""middle"" style=""border: 1px solid black;""><font size=""2"">ブランド</font></td>
    <td style=""border: 1px solid black;"" width=""70%""><font size=""2"">Agis M&R【エィジス エムアンドアール】</font></td>
  </tr>
  <tr>
    <td width=""30%"" height=""8"" align=""center"" style=""border: 1px solid black;""><font size=""2"">サイズ</font></td>
    <td style=""border: 1px solid black;"" width=""70%""><font size=""2"">82、88</font></td>
  </tr>
  <tr>
    <td width=""30%"" align=""center"" valign=""middle"" style=""border: 1px solid black;""><font size=""2"">素材</font></td>
    <td style=""border: 1px solid black;"" width=""70%""><font size=""2"">ポリエステル100％<br>Made in JAPAN【日本製】</font></td>
  </tr>
  <tr>
    <td width=""30%"" align=""center"" valign=""middle"" style=""border: 1px solid black;""><font size=""2"">カラー</font></td>
    <td style=""border: 1px solid black;"" width=""70%""><font size=""2"">ブラック</font></td>
  </tr>
  <tr>
    <td width=""30%"" align=""center"" valign=""middle"" style=""border: 1px solid black;""><font size=""2"">スタイル</font></td>
    <td style=""border: 1px solid black;"" width=""70%""><font size=""2"">ジャケット（ブレザー）、ブルゾン（ジャンバー）ワイシャツ、カッターシャツ、ドレスシャツ、ビジネススタイル、スーツスタイル、オフィススタイル、パーティ、クリスマス、婚活、結婚式、披露宴、２次会</font></td>
  </tr>
  <tr>
    <td width=""30%"" align=""center"" valign=""middle"" style=""border: 1px solid black;""><font size=""2"">洗濯表示</font></td>
    <td width=""70%"" valign=""middle"" style=""border: 1px solid black;"">
<img src=""http://image.rakuten.co.jp/guy0084/cabinet/parts/laundry09.gif"" width=""43"" height=""43"" />
<img src=""http://image.rakuten.co.jp/guy0084/cabinet/parts/laundry02.gif"" width=""43"" height=""43"" />
<img src=""http://image.rakuten.co.jp/guy0084/cabinet/parts/laundry03.gif"" width=""43"" height=""43"" />
<img src=""http://image.rakuten.co.jp/guy0084/cabinet/parts/laundry08.gif"" width=""43"" height=""43"" />
<img src=""http://image.rakuten.co.jp/guy0084/cabinet/parts/laundry00.gif"" width=""43"" height=""43"" />

</td>
  </tr>
  <tr>
    <td colspan=""2"" bgcolor=""#ede4cd"" style=""border: 1px solid black;"" height=""8""><font size=""2"">【Key Word】</font></td>
  </tr>
  <tr>
    <td style=""border: 1px solid black;"" colspan=""2""><font size=""2"">2タック、MEN'S（メンズ）、パンツ</font></td>
  </tr>
  <tr>
    <td colspan=""2"" bgcolor=""#ede4cd"" style=""border: 1px solid black;"" height=""8""><font size=""2"">ギフト包装、プレゼント包装、のし対応</font></td>
  </tr>
    <tr>
    <td style=""border: 1px solid black;"" colspan=""2""><font size=""2"">お誕生日、昇進祝い、内祝い、バレンタインデー、クリスマス<br>入学祝い、卒業祝い、就職祝い、成人式<br>父の日、敬老の日 等　各種承っております。</font></td>
  </tr>
  <tr>
    <td colspan=""2"" style=""border: 1px solid black;"" bgcolor=""#990000"" height=""8""><font color=""#FFFFFF"" size=""2"">【注意事項】</font></td>
  </tr>
  <tr>
    <td style=""border: 1px solid black;"" colspan=""2""><font size=""2"">コチラの商品は一部メーカー取り寄せ商品の為、<br>発送に５営業日かかる場合がございます。<br><br>在庫の管理には万全を期しておりますが、メーカーでの<br>在庫状況（完売）により、ご注文を変更またはキャンセル<br>させて頂く場合がございます事を予めご了承くださいませ。</font></td>
  </tr> 
  <tr>
    <td colspan=""2"" bgcolor=""#000000"" style=""border: 1px solid black;"" height=""8""><font size=""2"" color=""white"">必ずお読みください</font></td>
  </tr>
  <tr>
    <td style=""border: 1px solid black;"" colspan=""2""><font size=""2"">ご使用のモニターによって、商品画像の色が<br>
            異なって見えることがあります。<br>
            あらかじめ、ご了承頂きますよう、お願い申し上げます。<br>
            ご購入の際は、表記カラーをご確認の上<br>
            お買い求めください。<br><br>実店舗での販売も行っている為、<br>ご注文頂いたタイミングによって在庫が無い場合もございます。<br>その際は、メール等でご連絡させて頂きます。<br>ご了承くださいませ。<br><br>
    商品についての詳細はメールor直接店舗の方に<br>お電話下さい。</font></td>
  </tr>
  <tr>
    <td style=""border: 1px solid black;"" colspan=""2""><font size=""2"">ご購入前にサイズ表を必ずご確認ください。<br />
      サイズ表はコチラ</font><br><font size=""-2"">Copyright(C) メンズショップ ガイ All rights reserved.</font></td>
  </tr>
<tr><td style=""border: 1px solid black;"" colspan=""2"" align=""right""><font size=""2"">  2013/12/8【入荷】</font></td></tr>
</table>
</center><div align=""center"">

<div align=""center"">
     <img src=""https://image.rakuten.co.jp/guy0084/cabinet/campaign/0506_mara_1000.gif"" alt=""1000円クーポンプレゼント"" width=""616"" height=""120"" border=""0""><br><br>
<img src=""https://image.rakuten.co.jp/guy0084/cabinet/campaign/0506_mara_500.gif"" alt=""500円クーポンプレゼント"" width=""616"" height=""120"" border=""0""><br><br>
<img src=""https://image.rakuten.co.jp/guy0084/cabinet/campaign/0506_mara_300.gif"" alt=""300円クーポンプレゼント"" width=""616"" height=""120"" border=""0""><br><br>
<img src=""https://image.rakuten.co.jp/guy0084/cabinet/campaign/0519_social_cupon.jpg"" alt=""200円クーポンプレゼント"" width=""616"" height=""120"" border=""0""><br><br>
</div>
<p>
<img src=""http://image.rakuten.co.jp/guy0084/cabinet/campaign/cool-sp2016_01-n.jpg"" alt=""クール仕立て"" width=""616"" height=""120"" border=""0"">
</p>
<img src=""http://image.rakuten.co.jp/guy0084/cabinet/parts/welcome-600.gif"" alt=""ご来店ありがとうございます"" width=""600"" height=""30"" border=""0"">
<br><img src=""http://www.rakuten.ne.jp/gold/guy0084/parts/space.gif"" width=""5"" height=""5"" alt=""""><br>
<!--GoQSystemランキング自動更新ツールワイド-->
<table align=""center"" width=""600"" border=""0"" cellpadding=""0"" cellspacing=""0"" bgcolor=""#FFFFFF"">
<tr>
<td>
<table align=""center"" width=""600"" border=""0"" cellpadding=""0"" cellspacing=""0"" bgcolor=""#FFFFFF"">
<tr>
<td align=""center"" valign=""bottom"" bgcolor=""#cccccc""><img src=""http://www.rakuten.ne.jp/gold/guy0084/goqsystem/600rankingtitel.gif"" width=""600"" /></td>
</tr>
</table>
<table align=""center"" width=""596"" border=""0"" cellpadding=""0"" cellspacing=""0"" bgcolor=""#CCCCCC"" style=""border-left:solid;border-left-width:1px;border-right:solid;border-right-width:1px;border-bottom:solid;border-bottom-width:1px;border-color:#CCCCCC;"">
<tr>
<td align=""center"" bgcolor=""#FFFFFF"">
<div class=""ifrm-container"" style=""width:598px;height:460px;overflow:auto;-webkit-overflow-scrolling:touch;"">

</div>
</td>
</tr>
<tr>
<td align=""right"" bgcolor=""#FFFFFF"" style=""padding:2px;"">
<img src=""http://www.rakuten.ne.jp/gold/guy0084/goqsystem/powered_by_banner.gif"" width=""125"" />
</td>
</tr>
</table>
</td>
</tr>
</table>
<!--GoQSystemランキング自動更新ツールワイド-->
</div>",Agis M＆R【エィジス エムアンドアール】ツータックスラックス/パンツ/ボトムス【ブラック】【SALL】【お取り寄せ】【4s9w】【auktn_50off】【2013/12/8】【楽天ランキング】【父の日】：オーダースーツ ＧＵＹ0084,オーダースーツオーダーシャツドレスシャツレディースオーダーシャツAgis M＆R【エィジス エムアンドアール】ツータックスラックス/パンツ/ボトムス【ブラック】【SALL】【お取り寄せ】【4s9w】【auktn_50off】【2013/12/8】【楽天ランキング】【父の日】,【秋冬物】【送料無料】。Agis M＆R【エィジス エムアンドアール】ツータックスラックス/パンツ/ボトムス【ブラック】【SALL】【お取り寄せ】【4s9w】【auktn_50off】【2013/12/8】【楽天ランキング】【父の日】[rn]
13-87892,http://tshop.r10s.jp/guy0084/cabinet/off-img/slacks/37-59121-37_m.jpg?fitin=700:700,7407.2000,,メンズファッション > ズボン・パンツ,PAGELO【パジェロ】ワンタックスラックス【グレーブラックストライプ】【秋冬物】【半額】【4s9w】【auktn_50off】【2014/10/29】【楽天ランキング】【父の日】,【秋冬物】【送料無料】,"<!--QRコード-->
<center>
<table width=""355"" border=""0"" cellspacing=""0"" cellpadding=""0"">
<tr>
    <td colspan=""2"" align=""center""><font size=""2"" color=""#800000""><!-- 携帯ポイント企画 --></font><br>
<img src=""http://image.rakuten.co.jp/guy0084/cabinet/parts/souryou_bn01.gif"" alt=""送料のご案内"" width=""410"" height=""80"" border=""0""><br><font size=""2"">発送からのお届け予定日時間帯</font></td>
    </tr>
  <tr>
    <td align=""center""><img src=""http://image.rakuten.co.jp/guy0084/cabinet/parts/mobile-cart.gif"" alt=""携帯から注文する"" width=""215"" height=""100"" border=""0"" /></td>
    <td align=""center""><img src=""http://image.rakuten.co.jp/guy0084/cabinet/qr-code-001/37-59121-37.jpg"" alt=""携帯へアクセス"" width=""111"" height=""111"" border=""0""></td>
  </tr>
  </table>
</center>
<!--QRコードend-->
<!--ギフトアイコン-->
<center>
<table border=""0"" cellspacing=""0"" cellpadding=""2"">
<tr>
<td valign=""middle"" nowrap><font size=""-1"">ギフト対応<br>
  詳しくはコチラ</font></td>
<td valign=""baseline"">
<img src=""http://image.rakuten.co.jp/guy0084/cabinet/parts/icon_wrapping.gif"" alt=""ラッピング対応"" width=""100"" height=""21"" hspace=""1"">
<img src=""http://image.rakuten.co.jp/guy0084/cabinet/parts/icon_noshi.gif"" alt=""のし対応"" width=""100"" height=""21"" hspace=""1"">
<img src=""http://image.rakuten.co.jp/guy0084/cabinet/parts/icon_noshi_kimei.gif"" alt=""のし記名可"" width=""100"" height=""21"" hspace=""1""></td>
</tr>
</table>
<br><img src=""http://www.rakuten.ne.jp/gold/guy0084/parts/space.gif"" width=""1"" height=""10"" alt="""" /><br>
</center>
<!--ギフトアイコンend-->
<center><!--イベント用-->
<img src=""http://www.rakuten.ne.jp/gold/guy0084/parts/space.gif"" width=""1"" height=""5"" alt=""""><br>

<table  width=""355"" border=""3"" bordercolor=""#1F0B09"" frame=""box"">
  <tr>
    <td width=""30%""  align=""center"" valign=""middle"" style=""border: 1px solid black;""><font size=""2"">ブランド</font></td>
    <td style=""border: 1px solid black;"" width=""70%""><font size=""2"">PAGELO【パジェロ】<br>アンジェロ・ジャパン</font></td>
  </tr>
  <tr>
    <td width=""30%"" height=""8"" align=""center"" style=""border: 1px solid black;""><font size=""2"">サイズ</font></td>
    <td style=""border: 1px solid black;"" width=""70%""><font size=""2"">79、82、85、88</font></td>
  </tr>
  <tr>
    <td width=""30%"" align=""center"" valign=""middle"" style=""border: 1px solid black;""><font size=""2"">素材</font></td>
    <td style=""border: 1px solid black;"" width=""70%""><font size=""2"">ポリエステル：100％</font></td>
  </tr>
  <tr>
    <td width=""30%"" align=""center"" valign=""middle"" style=""border: 1px solid black;""><font size=""2"">カラー</font></td>
    <td style=""border: 1px solid black;"" width=""70%""><font size=""2"">グレーブラックストライプ</font></td>
  </tr>
  <tr>
    <td width=""30%"" align=""center"" valign=""middle"" style=""border: 1px solid black;""><font size=""2"">スタイル</font></td>
    <td style=""border: 1px solid black;"" width=""70%""><font size=""2"">Tシャツ、ロングTシャツ、シャツ<br>トレーナー、ジャケット（ブレザー）<br>ブルゾン（ジャンバー）etc..</font></td>
  </tr>
  <tr>
    <td width=""30%"" align=""center"" valign=""middle"" style=""border: 1px solid black;""><font size=""2"">洗濯表示</font></td>
    <td width=""70%"" valign=""middle"" style=""border: 1px solid black;"">
<img src=""http://image.rakuten.co.jp/guy0084/cabinet/parts/laundry18.gif"" width=""43"" height=""43"" />
<img src=""http://image.rakuten.co.jp/guy0084/cabinet/parts/laundry02.gif"" width=""43"" height=""43"" />
<img src=""http://image.rakuten.co.jp/guy0084/cabinet/parts/laundry14.gif"" width=""43"" height=""43"" />
<img src=""http://image.rakuten.co.jp/guy0084/cabinet/parts/laundry10.gif"" width=""43"" height=""43"" />
<img src=""http://image.rakuten.co.jp/guy0084/cabinet/parts/laundry00.gif"" width=""43"" height=""43"" />

</td>
  </tr>
  <tr>
    <td colspan=""2"" bgcolor=""#ede4cd"" style=""border: 1px solid black;"" height=""8""><font size=""2"">【Key Word】</font></td>
  </tr>
  <tr>
    <td style=""border: 1px solid black;"" colspan=""2""><font size=""2"">ワンタック、MEN'S（メンズ）、パンツ、スラックス、ゴルフ、旅行、スポーツ</font></td>
  </tr>
  <tr>
    <td colspan=""2"" bgcolor=""#ede4cd"" style=""border: 1px solid black;"" height=""8""><font size=""2"">ギフト包装、プレゼント包装、のし対応</font></td>
  </tr>
  <tr>
    <td style=""border: 1px solid black;"" colspan=""2""><font size=""2"">お誕生日、昇進祝い、内祝い、バレンタインデー、クリスマス<br>入学祝い、卒業祝い、就職祝い、成人式<br>父の日、敬老の日 等　各種承っております。</font></td>
  </tr>
  <tr>
    <td colspan=""2"" bgcolor=""#000000"" style=""border: 1px solid black;"" height=""8""><font size=""2"" color=""white"">必ずお読みください</font></td>
  </tr>
  <tr>
    <td style=""border: 1px solid black;"" colspan=""2""><font size=""2"">ご使用のモニターによって、商品画像の色が<br>
            異なって見えることがあります。<br>
            あらかじめ、ご了承頂きますよう、お願い申し上げます。<br>
            ご購入の際は、表記カラーをご確認の上<br>
            お買い求めください。<br><br>実店舗での販売も行っている為、<br>ご注文頂いたタイミングによって在庫が無い場合もございます。<br>その際は、メール等でご連絡させて頂きます。<br>ご了承くださいませ。<br><br>
    商品についての詳細はメールor直接店舗の方に<br>お電話下さい。</font></td>
  </tr>
  <tr>
    <td style=""border: 1px solid black;"" colspan=""2""><font size=""2"">ご購入前にサイズ表を必ずご確認ください。<br />
      サイズ表はコチラ</font><br><font size=""-2"">Copyright(C) メンズショップ ガイ All rights reserved.</font></td>
  </tr>
<tr><td style=""border: 1px solid black;"" colspan=""2"" align=""right""><font size=""2"">2014/10/29【入荷】</font></td></tr>
</table>
<!-- エビデンス -->
 <p><font size=""2"">メーカー希望小売価格はメーカー商品タグに基づいて掲載しています。</font><br />
 <img src=""http://image.rakuten.co.jp/guy0084/cabinet/evidence/evidence_37-59121-37.jpg"" alt=""メーカー希望小売価格"" width=""300"" height=""300"" border=""0""> </p>
</center><div align=""center"">

<div align=""center"">
     <img src=""https://image.rakuten.co.jp/guy0084/cabinet/campaign/0506_mara_1000.gif"" alt=""1000円クーポンプレゼント"" width=""616"" height=""120"" border=""0""><br><br>
<img src=""https://image.rakuten.co.jp/guy0084/cabinet/campaign/0506_mara_500.gif"" alt=""500円クーポンプレゼント"" width=""616"" height=""120"" border=""0""><br><br>
<img src=""https://image.rakuten.co.jp/guy0084/cabinet/campaign/0506_mara_300.gif"" alt=""300円クーポンプレゼント"" width=""616"" height=""120"" border=""0""><br><br>
<img src=""https://image.rakuten.co.jp/guy0084/cabinet/campaign/0519_social_cupon.jpg"" alt=""200円クーポンプレゼント"" width=""616"" height=""120"" border=""0""><br><br>
</div>
<p>
<img src=""http://image.rakuten.co.jp/guy0084/cabinet/campaign/cool-sp2016_01-n.jpg"" alt=""クール仕立て"" width=""616"" height=""120"" border=""0"">
</p>
<img src=""http://image.rakuten.co.jp/guy0084/cabinet/parts/welcome-600.gif"" alt=""ご来店ありがとうございます"" width=""600"" height=""30"" border=""0"">
<br><img src=""http://www.rakuten.ne.jp/gold/guy0084/parts/space.gif"" width=""5"" height=""5"" alt=""""><br>
<!--GoQSystemランキング自動更新ツールワイド-->
<table align=""center"" width=""600"" border=""0"" cellpadding=""0"" cellspacing=""0"" bgcolor=""#FFFFFF"">
<tr>
<td>
<table align=""center"" width=""600"" border=""0"" cellpadding=""0"" cellspacing=""0"" bgcolor=""#FFFFFF"">
<tr>
<td align=""center"" valign=""bottom"" bgcolor=""#cccccc""><img src=""http://www.rakuten.ne.jp/gold/guy0084/goqsystem/600rankingtitel.gif"" width=""600"" /></td>
</tr>
</table>
<table align=""center"" width=""596"" border=""0"" cellpadding=""0"" cellspacing=""0"" bgcolor=""#CCCCCC"" style=""border-left:solid;border-left-width:1px;border-right:solid;border-right-width:1px;border-bottom:solid;border-bottom-width:1px;border-color:#CCCCCC;"">
<tr>
<td align=""center"" bgcolor=""#FFFFFF"">
<div class=""ifrm-container"" style=""width:598px;height:460px;overflow:auto;-webkit-overflow-scrolling:touch;"">

</div>
</td>
</tr>
<tr>
<td align=""right"" bgcolor=""#FFFFFF"" style=""padding:2px;"">
<img src=""http://www.rakuten.ne.jp/gold/guy0084/goqsystem/powered_by_banner.gif"" width=""125"" />
</td>
</tr>
</table>
</td>
</tr>
</table>
<!--GoQSystemランキング自動更新ツールワイド-->
</div>",PAGELO【パジェロ】ワンタックスラックス【グレーブラックストライプ】【秋冬物】【半額】【4s9w】【auktn_50off】【2014/10/29】【楽天ランキング】【父の日】：オーダースーツ ＧＵＹ0084,オーダースーツオーダーシャツドレスシャツレディースオーダーシャツPAGELO【パジェロ】ワンタックスラックス【グレーブラックストライプ】【秋冬物】【半額】【4s9w】【auktn_50off】【2014/10/29】【楽天ランキング】【父の日】,【秋冬物】【送料無料】。PAGELO【パジェロ】ワンタックスラックス【グレーブラックストライプ】【秋冬物】【半額】【4s9w】【auktn_50off】【2014/10/29】【楽天ランキング】【父の日】[rn]
13-87893,http://tshop.r10s.jp/guy0084/cabinet/off-img/slacks/37-50102-05_m.jpg?fitin=700:700,10370.4000,,メンズファッション > ズボン・パンツ,ANGELO JOURNEY【アンジェロジャーニー】ワンタックスラックス【ブラック】【秋冬物】【半額】【4s9w】【auktn_50off】【2014/10/29】【楽天ランキング】【父の日】,【秋冬物】【送料無料】,"<!--QRコード-->
<center>
<table width=""355"" border=""0"" cellspacing=""0"" cellpadding=""0"">
<tr>
    <td colspan=""2"" align=""center""><font size=""2"" color=""#800000""><!-- 携帯ポイント企画 --></font><br>
<img src=""http://image.rakuten.co.jp/guy0084/cabinet/parts/souryou_bn01.gif"" alt=""送料のご案内"" width=""410"" height=""80"" border=""0""><br><font size=""2"">発送からのお届け予定日時間帯</font></td>
    </tr>
  <tr>
    <td align=""center""><img src=""http://image.rakuten.co.jp/guy0084/cabinet/parts/mobile-cart.gif"" alt=""携帯から注文する"" width=""215"" height=""100"" border=""0"" /></td>
    <td align=""center""><img src=""http://image.rakuten.co.jp/guy0084/cabinet/qr-code-001/37-50102-05.jpg"" alt=""携帯へアクセス"" width=""111"" height=""111"" border=""0""></td>
  </tr>
  </table>
</center>
<!--QRコードend-->
<!--ギフトアイコン-->
<center>
<table border=""0"" cellspacing=""0"" cellpadding=""2"">
<tr>
<td valign=""middle"" nowrap><font size=""-1"">ギフト対応<br>
  詳しくはコチラ</font></td>
<td valign=""baseline"">
<img src=""http://image.rakuten.co.jp/guy0084/cabinet/parts/icon_wrapping.gif"" alt=""ラッピング対応"" width=""100"" height=""21"" hspace=""1"">
<img src=""http://image.rakuten.co.jp/guy0084/cabinet/parts/icon_noshi.gif"" alt=""のし対応"" width=""100"" height=""21"" hspace=""1"">
<img src=""http://image.rakuten.co.jp/guy0084/cabinet/parts/icon_noshi_kimei.gif"" alt=""のし記名可"" width=""100"" height=""21"" hspace=""1""></td>
</tr>
</table>
<br><img src=""http://www.rakuten.ne.jp/gold/guy0084/parts/space.gif"" width=""1"" height=""10"" alt="""" /><br>
</center>
<!--ギフトアイコンend-->
<center><!--イベント用-->
<img src=""http://www.rakuten.ne.jp/gold/guy0084/parts/space.gif"" width=""1"" height=""5"" alt=""""><br>

<table  width=""355"" border=""3"" bordercolor=""#1F0B09"" frame=""box"">
  <tr>
    <td width=""30%""  align=""center"" valign=""middle"" style=""border: 1px solid black;""><font size=""2"">ブランド</font></td>
    <td style=""border: 1px solid black;"" width=""70%""><font size=""2"">ANGELO JOURNEY【アンジェロジャーニー】<br>アンジェロ・ジャパン</font></td>
  </tr>
  <tr>
    <td width=""30%"" height=""8"" align=""center"" style=""border: 1px solid black;""><font size=""2"">サイズ</font></td>
    <td style=""border: 1px solid black;"" width=""70%""><font size=""2"">85</font></td>
  </tr>
  <tr>
    <td width=""30%"" align=""center"" valign=""middle"" style=""border: 1px solid black;""><font size=""2"">素材</font></td>
    <td style=""border: 1px solid black;"" width=""70%""><font size=""2"">アセテート：47％、綿：30％、ポリエステル：23％<br>Made in JAPAN【日本製】</font></td>
  </tr>
  <tr>
    <td width=""30%"" align=""center"" valign=""middle"" style=""border: 1px solid black;""><font size=""2"">カラー</font></td>
    <td style=""border: 1px solid black;"" width=""70%""><font size=""2"">ブラック</font></td>
  </tr>
  <tr>
    <td width=""30%"" align=""center"" valign=""middle"" style=""border: 1px solid black;""><font size=""2"">スタイル</font></td>
    <td style=""border: 1px solid black;"" width=""70%""><font size=""2"">Tシャツ、ロングTシャツ、シャツ<br>トレーナー、ジャケット（ブレザー）<br>ブルゾン（ジャンバー）etc..</font></td>
  </tr>
  <tr>
    <td width=""30%"" align=""center"" valign=""middle"" style=""border: 1px solid black;""><font size=""2"">洗濯表示</font></td>
    <td width=""70%"" valign=""middle"" style=""border: 1px solid black;"">
<img src=""http://image.rakuten.co.jp/guy0084/cabinet/parts/laundry09.gif"" width=""43"" height=""43"" />
<img src=""http://image.rakuten.co.jp/guy0084/cabinet/parts/laundry02.gif"" width=""43"" height=""43"" />
<img src=""http://image.rakuten.co.jp/guy0084/cabinet/parts/laundry14.gif"" width=""43"" height=""43"" />
<img src=""http://image.rakuten.co.jp/guy0084/cabinet/parts/laundry10.gif"" width=""43"" height=""43"" />
<img src=""http://image.rakuten.co.jp/guy0084/cabinet/parts/laundry00.gif"" width=""43"" height=""43"" />

</td>
  </tr>
  <tr>
    <td colspan=""2"" bgcolor=""#ede4cd"" style=""border: 1px solid black;"" height=""8""><font size=""2"">【Key Word】</font></td>
  </tr>
  <tr>
    <td style=""border: 1px solid black;"" colspan=""2""><font size=""2"">ワンタック、MEN'S（メンズ）、パンツ、スラックス、ゴルフ、旅行、スポーツ</font></td>
  </tr>
  <tr>
    <td colspan=""2"" bgcolor=""#ede4cd"" style=""border: 1px solid black;"" height=""8""><font size=""2"">ギフト包装、プレゼント包装、のし対応</font></td>
  </tr>
  <tr>
    <td style=""border: 1px solid black;"" colspan=""2""><font size=""2"">お誕生日、昇進祝い、内祝い、バレンタインデー、クリスマス<br>入学祝い、卒業祝い、就職祝い、成人式<br>父の日、敬老の日 等　各種承っております。</font></td>
  </tr>
  <tr>
    <td colspan=""2"" bgcolor=""#000000"" style=""border: 1px solid black;"" height=""8""><font size=""2"" color=""white"">必ずお読みください</font></td>
  </tr>
  <tr>
    <td style=""border: 1px solid black;"" colspan=""2""><font size=""2"">ご使用のモニターによって、商品画像の色が<br>
            異なって見えることがあります。<br>
            あらかじめ、ご了承頂きますよう、お願い申し上げます。<br>
            ご購入の際は、表記カラーをご確認の上<br>
            お買い求めください。<br><br>実店舗での販売も行っている為、<br>ご注文頂いたタイミングによって在庫が無い場合もございます。<br>その際は、メール等でご連絡させて頂きます。<br>ご了承くださいませ。<br><br>
    商品についての詳細はメールor直接店舗の方に<br>お電話下さい。</font></td>
  </tr>
  <tr>
    <td style=""border: 1px solid black;"" colspan=""2""><font size=""2"">ご購入前にサイズ表を必ずご確認ください。<br />
      サイズ表はコチラ</font><br><font size=""-2"">Copyright(C) メンズショップ ガイ All rights reserved.</font></td>
  </tr>
<tr><td style=""border: 1px solid black;"" colspan=""2"" align=""right""><font size=""2"">2014/10/29【入荷】</font></td></tr>
</table>
<!-- エビデンス -->
 <p><font size=""2"">メーカー希望小売価格はメーカー商品タグに基づいて掲載しています。</font><br />
 <img src=""http://image.rakuten.co.jp/guy0084/cabinet/evidence/evidence_37-50102-05.jpg"" alt=""メーカー希望小売価格"" width=""300"" height=""300"" border=""0""> </p>
</center><div align=""center"">

<div align=""center"">
     <img src=""https://image.rakuten.co.jp/guy0084/cabinet/campaign/0506_mara_1000.gif"" alt=""1000円クーポンプレゼント"" width=""616"" height=""120"" border=""0""><br><br>
<img src=""https://image.rakuten.co.jp/guy0084/cabinet/campaign/0506_mara_500.gif"" alt=""500円クーポンプレゼント"" width=""616"" height=""120"" border=""0""><br><br>
<img src=""https://image.rakuten.co.jp/guy0084/cabinet/campaign/0506_mara_300.gif"" alt=""300円クーポンプレゼント"" width=""616"" height=""120"" border=""0""><br><br>
<img src=""https://image.rakuten.co.jp/guy0084/cabinet/campaign/0519_social_cupon.jpg"" alt=""200円クーポンプレゼント"" width=""616"" height=""120"" border=""0""><br><br>
</div>
<p>
<img src=""http://image.rakuten.co.jp/guy0084/cabinet/campaign/cool-sp2016_01-n.jpg"" alt=""クール仕立て"" width=""616"" height=""120"" border=""0"">
</p>
<img src=""http://image.rakuten.co.jp/guy0084/cabinet/parts/welcome-600.gif"" alt=""ご来店ありがとうございます"" width=""600"" height=""30"" border=""0"">
<br><img src=""http://www.rakuten.ne.jp/gold/guy0084/parts/space.gif"" width=""5"" height=""5"" alt=""""><br>
<!--GoQSystemランキング自動更新ツールワイド-->
<table align=""center"" width=""600"" border=""0"" cellpadding=""0"" cellspacing=""0"" bgcolor=""#FFFFFF"">
<tr>
<td>
<table align=""center"" width=""600"" border=""0"" cellpadding=""0"" cellspacing=""0"" bgcolor=""#FFFFFF"">
<tr>
<td align=""center"" valign=""bottom"" bgcolor=""#cccccc""><img src=""http://www.rakuten.ne.jp/gold/guy0084/goqsystem/600rankingtitel.gif"" width=""600"" /></td>
</tr>
</table>
<table align=""center"" width=""596"" border=""0"" cellpadding=""0"" cellspacing=""0"" bgcolor=""#CCCCCC"" style=""border-left:solid;border-left-width:1px;border-right:solid;border-right-width:1px;border-bottom:solid;border-bottom-width:1px;border-color:#CCCCCC;"">
<tr>
<td align=""center"" bgcolor=""#FFFFFF"">
<div class=""ifrm-container"" style=""width:598px;height:460px;overflow:auto;-webkit-overflow-scrolling:touch;"">

</div>
</td>
</tr>
<tr>
<td align=""right"" bgcolor=""#FFFFFF"" style=""padding:2px;"">
<img src=""http://www.rakuten.ne.jp/gold/guy0084/goqsystem/powered_by_banner.gif"" width=""125"" />
</td>
</tr>
</table>
</td>
</tr>
</table>
<!--GoQSystemランキング自動更新ツールワイド-->
</div>",ANGELO JOURNEY【アンジェロジャーニー】ワンタックスラックス【ブラック】【秋冬物】【半額】【4s9w】【auktn_50off】【2014/10/29】【楽天ランキング】【父の日】：オーダースーツ ＧＵＹ0084,オーダースーツオーダーシャツドレスシャツレディースオーダーシャツANGELO JOURNEY【アンジェロジャーニー】ワンタックスラックス【ブラック】【秋冬物】【半額】【4s9w】【auktn_50off】【2014/10/29】【楽天ランキング】【父の日】,【秋冬物】【送料無料】。ANGELO JOURNEY【アンジェロジャーニー】ワンタックスラックス【ブラック】【秋冬物】【半額】【4s9w】【auktn_50off】【2014/10/29】【楽天ランキング】【父の日】[rn]
13-87894,http://tshop.r10s.jp/guy0084/cabinet/off-img/slacks/10017-b_m.jpg?fitin=700:700,5511.2000,,メンズファッション > ズボン・パンツ,Agis M＆R【エィジス エムアンドアール】ツータックスラックス/パンツ/ボトムス【グリーングレー】【SALL】【お取り寄せ】【auktn_50off】【2013/12/8】【楽天ランキング】【父の日】,【秋冬物】【送料無料】,"<!--QRコード-->
<center>
<table width=""355"" border=""0"" cellspacing=""0"" cellpadding=""0"">
<tr>
    <td colspan=""2"" align=""center""><font size=""2"" color=""#800000""><!-- 携帯ポイント企画 --></font><br>
<img src=""http://image.rakuten.co.jp/guy0084/cabinet/parts/souryou_bn01.gif"" alt=""送料のご案内"" width=""410"" height=""80"" border=""0""><br><font size=""2"">発送からのお届け予定日時間帯</font></td>
    </tr>
  <tr>
    <td align=""center""><img src=""http://image.rakuten.co.jp/guy0084/cabinet/parts/mobile-cart.gif"" alt=""携帯から注文する"" width=""215"" height=""100"" border=""0"" /></td>
    <td align=""center""><img src=""http://image.rakuten.co.jp/guy0084/cabinet/qr-code-003/10017-b.jpg"" alt=""携帯へアクセス"" width=""111"" height=""111"" border=""0""></td>
  </tr>
  </table>
</center>
<!--QRコードend-->
<!--ギフトアイコン-->
<center>
<table border=""0"" cellspacing=""0"" cellpadding=""2"">
<tr>
<td valign=""middle"" nowrap><font size=""-1"">ギフト対応<br>
  詳しくはコチラ</font></td>
<td valign=""baseline"">
<img src=""http://image.rakuten.co.jp/guy0084/cabinet/parts/icon_wrapping.gif"" alt=""ラッピング対応"" width=""100"" height=""21"" hspace=""1"">
<img src=""http://image.rakuten.co.jp/guy0084/cabinet/parts/icon_noshi.gif"" alt=""のし対応"" width=""100"" height=""21"" hspace=""1"">
<img src=""http://image.rakuten.co.jp/guy0084/cabinet/parts/icon_noshi_kimei.gif"" alt=""のし記名可"" width=""100"" height=""21"" hspace=""1""></td>
</tr>
</table>
<br><img src=""http://www.rakuten.ne.jp/gold/guy0084/parts/space.gif"" width=""1"" height=""10"" alt="""" /><br>
</center>
<!--ギフトアイコンend-->
<center><!--イベント用-->
<table  width=""355"" border=""3"" bordercolor=""#1F0B09"" frame=""box"">
  <tr>
    <td width=""30%""  align=""center"" valign=""middle"" style=""border: 1px solid black;""><font size=""2"">ブランド</font></td>
    <td style=""border: 1px solid black;"" width=""70%""><font size=""2"">Agis M&R【エィジス エムアンドアール】</font></td>
  </tr>
  <tr>
    <td width=""30%"" height=""8"" align=""center"" style=""border: 1px solid black;""><font size=""2"">サイズ</font></td>
    <td style=""border: 1px solid black;"" width=""70%""><font size=""2"">79、82、85、88、100</font></td>
  </tr>
  <tr>
    <td width=""30%"" align=""center"" valign=""middle"" style=""border: 1px solid black;""><font size=""2"">素材</font></td>
    <td style=""border: 1px solid black;"" width=""70%""><font size=""2"">ポリエステル97％、アクリル7％</font></td>
  </tr>
  <tr>
    <td width=""30%"" align=""center"" valign=""middle"" style=""border: 1px solid black;""><font size=""2"">カラー</font></td>
    <td style=""border: 1px solid black;"" width=""70%""><font size=""2"">グリーングレー</font></td>
  </tr>
  <tr>
    <td width=""30%"" align=""center"" valign=""middle"" style=""border: 1px solid black;""><font size=""2"">スタイル</font></td>
    <td style=""border: 1px solid black;"" width=""70%""><font size=""2"">ジャケット（ブレザー）、ブルゾン（ジャンバー）<br>ワイシャツ、カッターシャツ<br>ドレスシャツ、ビジネススタイル<br>スーツスタイル、オフィススタイル<br>パーティ、クリスマス、<br>婚活、結婚式、披露宴、２次会</font></td>
  </tr>
  <tr>
    <td width=""30%"" align=""center"" valign=""middle"" style=""border: 1px solid black;""><font size=""2"">洗濯表示</font></td>
    <td width=""70%"" valign=""middle"" style=""border: 1px solid black;"">
<img src=""http://image.rakuten.co.jp/guy0084/cabinet/parts/laundry05.gif"" width=""43"" height=""43"" />
<img src=""http://image.rakuten.co.jp/guy0084/cabinet/parts/laundry02.gif"" width=""43"" height=""43"" />
<img src=""http://image.rakuten.co.jp/guy0084/cabinet/parts/laundry03.gif"" width=""43"" height=""43"" />
<img src=""http://image.rakuten.co.jp/guy0084/cabinet/parts/laundry08.gif"" width=""43"" height=""43"" />
<img src=""http://image.rakuten.co.jp/guy0084/cabinet/parts/laundry00.gif"" width=""43"" height=""43"" />

</td>
  </tr>
  <tr>
    <td colspan=""2"" bgcolor=""#ede4cd"" style=""border: 1px solid black;"" height=""8""><font size=""2"">【Key Word】</font></td>
  </tr>
  <tr>
    <td style=""border: 1px solid black;"" colspan=""2""><font size=""2"">2タック、MEN'S（メンズ）、パンツ</font></td>
  </tr>
  <tr>
    <td colspan=""2"" bgcolor=""#ede4cd"" style=""border: 1px solid black;"" height=""8""><font size=""2"">ギフト包装、プレゼント包装、のし対応</font></td>
  </tr>
    <tr>
    <td style=""border: 1px solid black;"" colspan=""2""><font size=""2"">お誕生日、昇進祝い、内祝い、バレンタインデー、クリスマス<br>入学祝い、卒業祝い、就職祝い、成人式<br>父の日、敬老の日 等　各種承っております。</font></td>
  </tr>
  <tr>
    <td colspan=""2"" style=""border: 1px solid black;"" bgcolor=""#990000"" height=""8""><font color=""#FFFFFF"" size=""2"">【注意事項】</font></td>
  </tr>
  <tr>
    <td style=""border: 1px solid black;"" colspan=""2""><font size=""2"">コチラの商品は一部メーカー取り寄せ商品の為、<br>発送に５営業日かかる場合がございます。<br><br>在庫の管理には万全を期しておりますが、メーカーでの<br>在庫状況（完売）により、ご注文を変更またはキャンセル<br>させて頂く場合がございます事を予めご了承くださいませ。</font></td>
  </tr> 
  <tr>
    <td colspan=""2"" bgcolor=""#000000"" style=""border: 1px solid black;"" height=""8""><font size=""2"" color=""white"">必ずお読みください</font></td>
  </tr>
  <tr>
    <td style=""border: 1px solid black;"" colspan=""2""><font size=""2"">ご使用のモニターによって、商品画像の色が<br>
            異なって見えることがあります。<br>
            あらかじめ、ご了承頂きますよう、お願い申し上げます。<br>
            ご購入の際は、表記カラーをご確認の上<br>
            お買い求めください。<br><br>実店舗での販売も行っている為、<br>ご注文頂いたタイミングによって在庫が無い場合もございます。<br>その際は、メール等でご連絡させて頂きます。<br>ご了承くださいませ。<br><br>
    商品についての詳細はメールor直接店舗の方に<br>お電話下さい。</font></td>
  </tr>
  <tr>
    <td style=""border: 1px solid black;"" colspan=""2""><font size=""2"">ご購入前にサイズ表を必ずご確認ください。<br />
      サイズ表はコチラ</font><br><font size=""-2"">Copyright(C) メンズショップ ガイ All rights reserved.</font></td>
  </tr>
<tr><td style=""border: 1px solid black;"" colspan=""2"" align=""right""><font size=""2"">  2013/12/8【入荷】</font></td></tr>
</table>
</center><div align=""center"">

<div align=""center"">
     <img src=""https://image.rakuten.co.jp/guy0084/cabinet/campaign/0506_mara_1000.gif"" alt=""1000円クーポンプレゼント"" width=""616"" height=""120"" border=""0""><br><br>
<img src=""https://image.rakuten.co.jp/guy0084/cabinet/campaign/0506_mara_500.gif"" alt=""500円クーポンプレゼント"" width=""616"" height=""120"" border=""0""><br><br>
<img src=""https://image.rakuten.co.jp/guy0084/cabinet/campaign/0506_mara_300.gif"" alt=""300円クーポンプレゼント"" width=""616"" height=""120"" border=""0""><br><br>
<img src=""https://image.rakuten.co.jp/guy0084/cabinet/campaign/0519_social_cupon.jpg"" alt=""200円クーポンプレゼント"" width=""616"" height=""120"" border=""0""><br><br>
</div>
<p>
<img src=""http://image.rakuten.co.jp/guy0084/cabinet/campaign/cool-sp2016_01-n.jpg"" alt=""クール仕立て"" width=""616"" height=""120"" border=""0"">
</p>
<img src=""http://image.rakuten.co.jp/guy0084/cabinet/parts/welcome-600.gif"" alt=""ご来店ありがとうございます"" width=""600"" height=""30"" border=""0"">
<br><img src=""http://www.rakuten.ne.jp/gold/guy0084/parts/space.gif"" width=""5"" height=""5"" alt=""""><br>
<!--GoQSystemランキング自動更新ツールワイド-->
<table align=""center"" width=""600"" border=""0"" cellpadding=""0"" cellspacing=""0"" bgcolor=""#FFFFFF"">
<tr>
<td>
<table align=""center"" width=""600"" border=""0"" cellpadding=""0"" cellspacing=""0"" bgcolor=""#FFFFFF"">
<tr>
<td align=""center"" valign=""bottom"" bgcolor=""#cccccc""><img src=""http://www.rakuten.ne.jp/gold/guy0084/goqsystem/600rankingtitel.gif"" width=""600"" /></td>
</tr>
</table>
<table align=""center"" width=""596"" border=""0"" cellpadding=""0"" cellspacing=""0"" bgcolor=""#CCCCCC"" style=""border-left:solid;border-left-width:1px;border-right:solid;border-right-width:1px;border-bottom:solid;border-bottom-width:1px;border-color:#CCCCCC;"">
<tr>
<td align=""center"" bgcolor=""#FFFFFF"">
<div class=""ifrm-container"" style=""width:598px;height:460px;overflow:auto;-webkit-overflow-scrolling:touch;"">

</div>
</td>
</tr>
<tr>
<td align=""right"" bgcolor=""#FFFFFF"" style=""padding:2px;"">
<img src=""http://www.rakuten.ne.jp/gold/guy0084/goqsystem/powered_by_banner.gif"" width=""125"" />
</td>
</tr>
</table>
</td>
</tr>
</table>
<!--GoQSystemランキング自動更新ツールワイド-->
</div>",Agis M＆R【エィジス エムアンドアール】ツータックスラックス/パンツ/ボトムス【グリーングレー】【SALL】【お取り寄せ】【auktn_50off】【2013/12/8】【楽天ランキング】【父の日】：オーダースーツ ＧＵＹ0084,オーダースーツオーダーシャツドレスシャツレディースオーダーシャツAgis M＆R【エィジス エムアンドアール】ツータックスラックス/パンツ/ボトムス【グリーングレー】【SALL】【お取り寄せ】【auktn_50off】【2013/12/8】【楽天ランキング】【父の日】,【秋冬物】【送料無料】。Agis M＆R【エィジス エムアンドアール】ツータックスラックス/パンツ/ボトムス【グリーングレー】【SALL】【お取り寄せ】【auktn_50off】【2013/12/8】【楽天ランキング】【父の日】[rn]
13-87895,http://tshop.r10s.jp/guy0084/cabinet/pants/13-61217-a_m.jpg?fitin=700:700,5881.6000,,メンズファッション > ズボン・パンツ,【最終バーゲン】Agis M＆R【エィジス エムアンドアール】ウール混ポリエステルスラックス【SALL】【auktn_50off】【2013/10/28】【楽天ランキング】【父の日】,【秋冬物】【送料無料】,"<!--QRコード-->
<center>
<table width=""355"" border=""0"" cellspacing=""0"" cellpadding=""0"">
<tr>
    <td colspan=""2"" align=""center""><font size=""2"" color=""#800000""><!-- 携帯ポイント企画 --></font><br>
<img src=""http://image.rakuten.co.jp/guy0084/cabinet/parts/souryou_bn01.gif"" alt=""送料のご案内"" width=""410"" height=""80"" border=""0""><br><font size=""2"">発送からのお届け予定日時間帯</font></td>
    </tr>
  <tr>
    <td align=""center""><img src=""http://image.rakuten.co.jp/guy0084/cabinet/parts/mobile-cart.gif"" alt=""携帯から注文する"" width=""215"" height=""100"" border=""0"" /></td>
    <td align=""center""><img src=""http://image.rakuten.co.jp/guy0084/cabinet/qr-code-002/13-61217-a.jpg"" alt=""携帯へアクセス"" width=""111"" height=""111"" border=""0""></td>
  </tr>
  </table>
</center>
<!--QRコードend-->
<!--ギフトアイコン-->
<center>
<table border=""0"" cellspacing=""0"" cellpadding=""2"">
<tr>
<td valign=""middle"" nowrap><font size=""-1"">ギフト対応<br>
  詳しくはコチラ</font></td>
<td valign=""baseline"">
<img src=""http://image.rakuten.co.jp/guy0084/cabinet/parts/icon_wrapping.gif"" alt=""ラッピング対応"" width=""100"" height=""21"" hspace=""1"">
<img src=""http://image.rakuten.co.jp/guy0084/cabinet/parts/icon_noshi.gif"" alt=""のし対応"" width=""100"" height=""21"" hspace=""1"">
<img src=""http://image.rakuten.co.jp/guy0084/cabinet/parts/icon_noshi_kimei.gif"" alt=""のし記名可"" width=""100"" height=""21"" hspace=""1""></td>
</tr>
</table>
<br><img src=""http://www.rakuten.ne.jp/gold/guy0084/parts/space.gif"" width=""1"" height=""10"" alt="""" /><br>
</center>
<!--ギフトアイコンend-->
<center><!--イベント-->
<img src=""http://www.rakuten.ne.jp/gold/guy0084/parts/space.gif"" width=""1"" height=""5"" alt=""""><br>

<table  width=""355"" border=""3"" bordercolor=""#1F0B09"" frame=""box"">
  <tr>
    <td width=""30%""  align=""center"" valign=""middle"" style=""border: 1px solid black;""><font size=""2"">ブランド</font></td>
    <td style=""border: 1px solid black;"" width=""70%""><font size=""2"">Agis M&R【エィジス エムアンドアール】</font></td>
  </tr>
  <tr>
    <td width=""30%"" height=""8"" align=""center"" style=""border: 1px solid black;""><font size=""2"">サイズ</font></td>
    <td style=""border: 1px solid black;"" width=""70%""><font size=""2"">82、85、88、91、94、97、100</font></td>
  </tr>
  <tr>
    <td width=""30%"" align=""center"" valign=""middle"" style=""border: 1px solid black;""><font size=""2"">素材</font></td>
    <td style=""border: 1px solid black;"" width=""70%""><font size=""2"">表　ポリエステル50％ 毛50％</font></td>
  </tr>
  <tr>
    <td width=""30%"" align=""center"" valign=""middle"" style=""border: 1px solid black;""><font size=""2"">カラー</font></td>
    <td style=""border: 1px solid black;"" width=""70%""><font size=""2"">ブラック/ホワイト<br>千鳥格子</font></td>
  </tr>
  <tr>
    <td width=""30%"" align=""center"" valign=""middle"" style=""border: 1px solid black;""><font size=""2"">スタイル</font></td>
    <td style=""border: 1px solid black;"" width=""70%""><font size=""2"">ジャケット（ブレザー）、ブルゾン（ジャンバー）<br>ワイシャツ、カッターシャツ<br>ドレスシャツ、ビジネススタイル<br>スーツスタイル、オフィススタイル<br>パーティ、クリスマス、<br>婚活、結婚式、披露宴、２次会</font></td>
  </tr>
  <tr>
    <td width=""30%"" align=""center"" valign=""middle"" style=""border: 1px solid black;""><font size=""2"">洗濯表示</font></td>
    <td width=""70%"" valign=""middle"" style=""border: 1px solid black;"">
<img src=""http://image.rakuten.co.jp/guy0084/cabinet/parts/laundry18.gif"" width=""43"" height=""43"" />
<img src=""http://image.rakuten.co.jp/guy0084/cabinet/parts/laundry02.gif"" width=""43"" height=""43"" />
<img src=""http://image.rakuten.co.jp/guy0084/cabinet/parts/laundry14.gif"" width=""43"" height=""43"" />
<img src=""http://image.rakuten.co.jp/guy0084/cabinet/parts/laundry10.gif"" width=""43"" height=""43"" />
<img src=""http://image.rakuten.co.jp/guy0084/cabinet/parts/laundry06.gif"" width=""43"" height=""43"" />
<img src=""http://image.rakuten.co.jp/guy0084/cabinet/parts/laundry01.gif"" width=""43"" height=""43"" />
</td>
  </tr>
  <tr>
    <td colspan=""2"" bgcolor=""#ede4cd"" style=""border: 1px solid black;"" height=""8""><font size=""2"">【Key Word】</font></td>
  </tr>
  <tr>
    <td style=""border: 1px solid black;"" colspan=""2""><font size=""2"">スラックス（ズボン）、1タック、MEN'S（メンズ）<br>ゴルフ、会合、婚活、寄り合い、旅行<br>ひざ当て付</font></td>
  </tr>
  <tr>
    <td colspan=""2"" bgcolor=""#ede4cd"" style=""border: 1px solid black;"" height=""8""><font size=""2"">ギフト包装、プレゼント包装、のし対応</font></td>
  </tr>
  <tr>
    <td style=""border: 1px solid black;"" colspan=""2""><font size=""2"">お誕生日、昇進祝い、内祝い、バレンタインデー、クリスマス<br>入学祝い、卒業祝い、就職祝い、成人式<br>父の日、敬老の日 等　各種承っております。</font></td>
  </tr>
  <tr>
    <td colspan=""2"" bgcolor=""#000000"" style=""border: 1px solid black;"" height=""8""><font size=""2"" color=""white"">必ずお読みください</font></td>
  </tr>
  <tr>
    <td style=""border: 1px solid black;"" colspan=""2""><font size=""2"">ご使用のモニターによって、商品画像の色が<br>
            異なって見えることがあります。<br>
            あらかじめ、ご了承頂きますよう、お願い申し上げます。<br>
            ご購入の際は、表記カラーをご確認の上<br>
            お買い求めください。<br><br>実店舗での販売も行っている為、<br>ご注文頂いたタイミングによって在庫が無い場合もございます。<br>その際は、メール等でご連絡させて頂きます。<br>ご了承くださいませ。<br><br>
    商品についての詳細はメールor直接店舗の方に<br>お電話下さい。</font></td>
  </tr>
  <tr>
    <td style=""border: 1px solid black;"" colspan=""2""><font size=""2"">ご購入前にサイズ表を必ずご確認ください。<br />
      サイズ表はコチラ</font><br><font size=""-2"">Copyright(C) メンズショップ ガイ All rights reserved.</font></td>
  </tr>
<tr><td style=""border: 1px solid black;"" colspan=""2"" align=""right""><font size=""2"">2013/10/28【再入荷】</font></td></tr>
</table>
</center><div align=""center"">

<div align=""center"">
     <img src=""https://image.rakuten.co.jp/guy0084/cabinet/campaign/0506_mara_1000.gif"" alt=""1000円クーポンプレゼント"" width=""616"" height=""120"" border=""0""><br><br>
<img src=""https://image.rakuten.co.jp/guy0084/cabinet/campaign/0506_mara_500.gif"" alt=""500円クーポンプレゼント"" width=""616"" height=""120"" border=""0""><br><br>
<img src=""https://image.rakuten.co.jp/guy0084/cabinet/campaign/0506_mara_300.gif"" alt=""300円クーポンプレゼント"" width=""616"" height=""120"" border=""0""><br><br>
<img src=""https://image.rakuten.co.jp/guy0084/cabinet/campaign/0519_social_cupon.jpg"" alt=""200円クーポンプレゼント"" width=""616"" height=""120"" border=""0""><br><br>
</div>
<p>
<img src=""http://image.rakuten.co.jp/guy0084/cabinet/campaign/cool-sp2016_01-n.jpg"" alt=""クール仕立て"" width=""616"" height=""120"" border=""0"">
</p>
<img src=""http://image.rakuten.co.jp/guy0084/cabinet/parts/welcome-600.gif"" alt=""ご来店ありがとうございます"" width=""600"" height=""30"" border=""0"">
<br><img src=""http://www.rakuten.ne.jp/gold/guy0084/parts/space.gif"" width=""5"" height=""5"" alt=""""><br>
<!--GoQSystemランキング自動更新ツールワイド-->
<table align=""center"" width=""600"" border=""0"" cellpadding=""0"" cellspacing=""0"" bgcolor=""#FFFFFF"">
<tr>
<td>
<table align=""center"" width=""600"" border=""0"" cellpadding=""0"" cellspacing=""0"" bgcolor=""#FFFFFF"">
<tr>
<td align=""center"" valign=""bottom"" bgcolor=""#cccccc""><img src=""http://www.rakuten.ne.jp/gold/guy0084/goqsystem/600rankingtitel.gif"" width=""600"" /></td>
</tr>
</table>
<table align=""center"" width=""596"" border=""0"" cellpadding=""0"" cellspacing=""0"" bgcolor=""#CCCCCC"" style=""border-left:solid;border-left-width:1px;border-right:solid;border-right-width:1px;border-bottom:solid;border-bottom-width:1px;border-color:#CCCCCC;"">
<tr>
<td align=""center"" bgcolor=""#FFFFFF"">
<div class=""ifrm-container"" style=""width:598px;height:460px;overflow:auto;-webkit-overflow-scrolling:touch;"">

</div>
</td>
</tr>
<tr>
<td align=""right"" bgcolor=""#FFFFFF"" style=""padding:2px;"">
<img src=""http://www.rakuten.ne.jp/gold/guy0084/goqsystem/powered_by_banner.gif"" width=""125"" />
</td>
</tr>
</table>
</td>
</tr>
</table>
<!--GoQSystemランキング自動更新ツールワイド-->
</div>",【最終バーゲン】Agis M＆R【エィジス エムアンドアール】ウール混ポリエステルスラックス【SALL】【auktn_50off】【2013/10/28】【楽天ランキング】【父の日】：オーダースーツ ＧＵＹ0084,オーダースーツオーダーシャツドレスシャツレディースオーダーシャツ【最終バーゲン】Agis M＆R【エィジス エムアンドアール】ウール混ポリエステルスラックス【SALL】【auktn_50off】【2013/10/28】【楽天ランキング】【父の日】,【秋冬物】【送料無料】。【最終バーゲン】Agis M＆R【エィジス エムアンドアール】ウール混ポリエステルスラックス【SALL】【auktn_50off】【2013/10/28】【楽天ランキング】【父の日】[rn]
13-87896,http://tshop.r10s.jp/guy0084/cabinet/off-img/slacks/0626013-a_m.jpg?fitin=700:700,5844.8000,,メンズファッション > ズボン・パンツ,Agis M＆R【エィジス エムアンドアール】ツータックスラックス【ブラック】【2014/7/5】【楽天ランキング】【父の日】,【送料無料】【春夏物】,"<!--QRコード-->
<center>
<table width=""355"" border=""0"" cellspacing=""0"" cellpadding=""0"">
<tr>
    <td colspan=""2"" align=""center""><font size=""2"" color=""#800000""><!-- 携帯ポイント企画 --></font><br>
<img src=""http://image.rakuten.co.jp/guy0084/cabinet/parts/souryou_bn01.gif"" alt=""送料のご案内"" width=""410"" height=""80"" border=""0""><br><font size=""2"">発送からのお届け予定日時間帯</font></td>
    </tr>
  <tr>
    <td align=""center""><img src=""http://image.rakuten.co.jp/guy0084/cabinet/parts/mobile-cart.gif"" alt=""携帯から注文する"" width=""215"" height=""100"" border=""0"" /></td>
    <td align=""center""><img src=""http://image.rakuten.co.jp/guy0084/cabinet/qr-code-001/0626013-a.jpg"" alt=""携帯へアクセス"" width=""111"" height=""111"" border=""0""></td>
  </tr>
  </table>
</center>
<!--QRコードend-->
<!--ギフトアイコン-->
<center>
<table border=""0"" cellspacing=""0"" cellpadding=""2"">
<tr>
<td valign=""middle"" nowrap><font size=""-1"">ギフト対応<br>
  詳しくはコチラ</font></td>
<td valign=""baseline"">
<img src=""http://image.rakuten.co.jp/guy0084/cabinet/parts/icon_wrapping.gif"" alt=""ラッピング対応"" width=""100"" height=""21"" hspace=""1"">
<img src=""http://image.rakuten.co.jp/guy0084/cabinet/parts/icon_noshi.gif"" alt=""のし対応"" width=""100"" height=""21"" hspace=""1"">
<img src=""http://image.rakuten.co.jp/guy0084/cabinet/parts/icon_noshi_kimei.gif"" alt=""のし記名可"" width=""100"" height=""21"" hspace=""1""></td>
</tr>
</table>
<br><img src=""http://www.rakuten.ne.jp/gold/guy0084/parts/space.gif"" width=""1"" height=""10"" alt="""" /><br>
</center>
<!--ギフトアイコンend-->
<center><!--イベント用-->
<img src=""http://www.rakuten.ne.jp/gold/guy0084/parts/space.gif"" width=""1"" height=""5"" alt=""""><br>

<table  width=""355"" border=""3"" bordercolor=""#1F0B09"" frame=""box"">
  <tr>
    <td width=""30%""  align=""center"" valign=""middle"" style=""border: 1px solid black;""><font size=""2"">ブランド</font></td>
    <td style=""border: 1px solid black;"" width=""70%""><font size=""2"">Agis M&R【エィジス エムアンドアール】</font></td>
  </tr>
  <tr>
    <td width=""30%"" height=""8"" align=""center"" style=""border: 1px solid black;""><font size=""2"">サイズ</font></td>
    <td style=""border: 1px solid black;"" width=""70%""><font size=""2"">85、88、91、94</font></td>
  </tr>
  <tr>
    <td width=""30%"" align=""center"" valign=""middle"" style=""border: 1px solid black;""><font size=""2"">素材</font></td>
    <td style=""border: 1px solid black;"" width=""70%""><font size=""2"">ポリエステル：100％</font></td>
  </tr>
  <tr>
    <td width=""30%"" align=""center"" valign=""middle"" style=""border: 1px solid black;""><font size=""2"">カラー</font></td>
    <td style=""border: 1px solid black;"" width=""70%""><font size=""2"">ブラック</font></td>
  </tr>
  <tr>
    <td width=""30%"" align=""center"" valign=""middle"" style=""border: 1px solid black;""><font size=""2"">スタイル</font></td>
    <td style=""border: 1px solid black;"" width=""70%""><font size=""2"">ジャケット（ブレザー）、ブルゾン（ジャンバー）<br>ワイシャツ、カッターシャツ<br>ドレスシャツ、ビジネススタイル<br>スーツスタイル、オフィススタイル<br>パーティ、クリスマス、<br>婚活、結婚式、披露宴、２次会</font></td>
  </tr>
  <tr>
    <td width=""30%"" align=""center"" valign=""middle"" style=""border: 1px solid black;""><font size=""2"">洗濯表示</font></td>
    <td width=""70%"" valign=""middle"" style=""border: 1px solid black;"">
<img src=""http://image.rakuten.co.jp/guy0084/cabinet/parts/laundry20.gif"" width=""43"" height=""43"" />
<img src=""http://image.rakuten.co.jp/guy0084/cabinet/parts/laundry02.gif"" width=""43"" height=""43"" />
<img src=""http://image.rakuten.co.jp/guy0084/cabinet/parts/laundry03.gif"" width=""43"" height=""43"" />
<img src=""http://image.rakuten.co.jp/guy0084/cabinet/parts/laundry08.gif"" width=""43"" height=""43"" />
<img src=""http://image.rakuten.co.jp/guy0084/cabinet/parts/laundry00.gif"" width=""43"" height=""43"" />

</td>
  </tr>
  <tr>
    <td colspan=""2"" bgcolor=""#ede4cd"" style=""border: 1px solid black;"" height=""8""><font size=""2"">【Key Word】</font></td>
  </tr>
  <tr>
    <td style=""border: 1px solid black;"" colspan=""2""><font size=""2"">2タック、MEN'S（メンズ）、パンツ<br>ゴルフ、会合、婚活、寄り合い、旅行</font></td>
  </tr>
  <tr>
    <td colspan=""2"" bgcolor=""#ede4cd"" style=""border: 1px solid black;"" height=""8""><font size=""2"">ギフト包装、プレゼント包装、のし対応</font></td>
  </tr>
  <tr>
    <td style=""border: 1px solid black;"" colspan=""2""><font size=""2"">お誕生日、昇進祝い、内祝い、バレンタインデー、クリスマス<br>入学祝い、卒業祝い、就職祝い、成人式<br>父の日、敬老の日 等　各種承っております。</font></td>
  </tr>
  <tr>
    <td colspan=""2"" bgcolor=""#000000"" style=""border: 1px solid black;"" height=""8""><font size=""2"" color=""white"">必ずお読みください</font></td>
  </tr>
  <tr>
    <td style=""border: 1px solid black;"" colspan=""2""><font size=""2"">ご使用のモニターによって、商品画像の色が<br>
            異なって見えることがあります。<br>
            あらかじめ、ご了承頂きますよう、お願い申し上げます。<br>
            ご購入の際は、表記カラーをご確認の上<br>
            お買い求めください。<br><br>実店舗での販売も行っている為、<br>ご注文頂いたタイミングによって在庫が無い場合もございます。<br>その際は、メール等でご連絡させて頂きます。<br>ご了承くださいませ。<br><br>
    商品についての詳細はメールor直接店舗の方に<br>お電話下さい。</font></td>
  </tr>
  <tr>
    <td style=""border: 1px solid black;"" colspan=""2""><font size=""2"">ご購入前にサイズ表を必ずご確認ください。<br />
      サイズ表はコチラ</font><br><font size=""-2"">Copyright(C) メンズショップ ガイ All rights reserved.</font></td>
  </tr>
<tr><td style=""border: 1px solid black;"" colspan=""2"" align=""right""><font size=""2"">2014/7/5【入荷】</font></td></tr>
</table>
</center><div align=""center"">

<div align=""center"">
     <img src=""https://image.rakuten.co.jp/guy0084/cabinet/campaign/0506_mara_1000.gif"" alt=""1000円クーポンプレゼント"" width=""616"" height=""120"" border=""0""><br><br>
<img src=""https://image.rakuten.co.jp/guy0084/cabinet/campaign/0506_mara_500.gif"" alt=""500円クーポンプレゼント"" width=""616"" height=""120"" border=""0""><br><br>
<img src=""https://image.rakuten.co.jp/guy0084/cabinet/campaign/0506_mara_300.gif"" alt=""300円クーポンプレゼント"" width=""616"" height=""120"" border=""0""><br><br>
<img src=""https://image.rakuten.co.jp/guy0084/cabinet/campaign/0519_social_cupon.jpg"" alt=""200円クーポンプレゼント"" width=""616"" height=""120"" border=""0""><br><br>
</div>
<p>
<img src=""http://image.rakuten.co.jp/guy0084/cabinet/campaign/cool-sp2016_01-n.jpg"" alt=""クール仕立て"" width=""616"" height=""120"" border=""0"">
</p>
<img src=""http://image.rakuten.co.jp/guy0084/cabinet/parts/welcome-600.gif"" alt=""ご来店ありがとうございます"" width=""600"" height=""30"" border=""0"">
<br><img src=""http://www.rakuten.ne.jp/gold/guy0084/parts/space.gif"" width=""5"" height=""5"" alt=""""><br>
<!--GoQSystemランキング自動更新ツールワイド-->
<table align=""center"" width=""600"" border=""0"" cellpadding=""0"" cellspacing=""0"" bgcolor=""#FFFFFF"">
<tr>
<td>
<table align=""center"" width=""600"" border=""0"" cellpadding=""0"" cellspacing=""0"" bgcolor=""#FFFFFF"">
<tr>
<td align=""center"" valign=""bottom"" bgcolor=""#cccccc""><img src=""http://www.rakuten.ne.jp/gold/guy0084/goqsystem/600rankingtitel.gif"" width=""600"" /></td>
</tr>
</table>
<table align=""center"" width=""596"" border=""0"" cellpadding=""0"" cellspacing=""0"" bgcolor=""#CCCCCC"" style=""border-left:solid;border-left-width:1px;border-right:solid;border-right-width:1px;border-bottom:solid;border-bottom-width:1px;border-color:#CCCCCC;"">
<tr>
<td align=""center"" bgcolor=""#FFFFFF"">
<div class=""ifrm-container"" style=""width:598px;height:460px;overflow:auto;-webkit-overflow-scrolling:touch;"">

</div>
</td>
</tr>
<tr>
<td align=""right"" bgcolor=""#FFFFFF"" style=""padding:2px;"">
<img src=""http://www.rakuten.ne.jp/gold/guy0084/goqsystem/powered_by_banner.gif"" width=""125"" />
</td>
</tr>
</table>
</td>
</tr>
</table>
<!--GoQSystemランキング自動更新ツールワイド-->
</div>",Agis M＆R【エィジス エムアンドアール】ツータックスラックス【ブラック】【2014/7/5】【楽天ランキング】【父の日】：オーダースーツ ＧＵＹ0084,オーダースーツオーダーシャツドレスシャツレディースオーダーシャツAgis M＆R【エィジス エムアンドアール】ツータックスラックス【ブラック】【2014/7/5】【楽天ランキング】【父の日】,【送料無料】【春夏物】。Agis M＆R【エィジス エムアンドアール】ツータックスラックス【ブラック】【2014/7/5】【楽天ランキング】【父の日】[rn]
13-87897,http://tshop.r10s.jp/guy0084/cabinet/off-img/slacks/13-01113-a_m.jpg?fitin=700:700,5511.2000,,メンズファッション > ズボン・パンツ,Agis M＆R【エィジス エムアンドアール】ポリエステルスラックス【ブラック】【SALL】【父の日ギフト】【auktn_50off】【2013/7/29】【楽天ランキング】,【春夏物】【送料無料】,"<!--QRコード-->
<center>
<table width=""355"" border=""0"" cellspacing=""0"" cellpadding=""0"">
<tr>
    <td colspan=""2"" align=""center""><font size=""2"" color=""#800000""><!-- 携帯ポイント企画 --></font><br>
<img src=""http://image.rakuten.co.jp/guy0084/cabinet/parts/souryou_bn01.gif"" alt=""送料のご案内"" width=""410"" height=""80"" border=""0""><br><font size=""2"">発送からのお届け予定日時間帯</font></td>
    </tr>
  <tr>
    <td align=""center""><img src=""http://image.rakuten.co.jp/guy0084/cabinet/parts/mobile-cart.gif"" alt=""携帯から注文する"" width=""215"" height=""100"" border=""0"" /></td>
    <td align=""center""><img src=""http://image.rakuten.co.jp/guy0084/cabinet/qr-code-002/13-01113-a.jpg"" alt=""携帯へアクセス"" width=""111"" height=""111"" border=""0""></td>
  </tr>
  </table>
</center>
<!--QRコードend-->
<!--ギフトアイコン-->
<center>
<table border=""0"" cellspacing=""0"" cellpadding=""2"">
<tr>
<td valign=""middle"" nowrap><font size=""-1"">ギフト対応<br>
  詳しくはコチラ</font></td>
<td valign=""baseline"">
<img src=""http://image.rakuten.co.jp/guy0084/cabinet/parts/icon_wrapping.gif"" alt=""ラッピング対応"" width=""100"" height=""21"" hspace=""1"">
<img src=""http://image.rakuten.co.jp/guy0084/cabinet/parts/icon_noshi.gif"" alt=""のし対応"" width=""100"" height=""21"" hspace=""1"">
<img src=""http://image.rakuten.co.jp/guy0084/cabinet/parts/icon_noshi_kimei.gif"" alt=""のし記名可"" width=""100"" height=""21"" hspace=""1""></td>
</tr>
</table>
<br><img src=""http://www.rakuten.ne.jp/gold/guy0084/parts/space.gif"" width=""1"" height=""10"" alt="""" /><br>
</center>
<!--ギフトアイコンend-->
<center><!--イベント用-->
<img src=""http://www.rakuten.ne.jp/gold/guy0084/parts/space.gif"" width=""1"" height=""5"" alt=""""><br>

<table  width=""355"" border=""3"" bordercolor=""#1F0B09"" frame=""box"">
  <tr>
    <td width=""30%""  align=""center"" valign=""middle"" style=""border: 1px solid black;""><font size=""2"">ブランド</font></td>
    <td style=""border: 1px solid black;"" width=""70%""><font size=""2"">Agis M&R【エィジス エムアンドアール】</font></td>
  </tr>
  <tr>
    <td width=""30%"" height=""8"" align=""center"" style=""border: 1px solid black;""><font size=""2"">サイズ</font></td>
    <td style=""border: 1px solid black;"" width=""70%""><font size=""2"">88、91、100</font></td>
  </tr>
  <tr>
    <td width=""30%"" align=""center"" valign=""middle"" style=""border: 1px solid black;""><font size=""2"">素材</font></td>
    <td style=""border: 1px solid black;"" width=""70%""><font size=""2"">表地　ポリエステル92％<br>指定外繊維（レクセ）8％</font></td>
  </tr>
  <tr>
    <td width=""30%"" align=""center"" valign=""middle"" style=""border: 1px solid black;""><font size=""2"">カラー</font></td>
    <td style=""border: 1px solid black;"" width=""70%""><font size=""2"">ブラック</font></td>
  </tr>
  <tr>
    <td width=""30%"" align=""center"" valign=""middle"" style=""border: 1px solid black;""><font size=""2"">スタイル</font></td>
    <td style=""border: 1px solid black;"" width=""70%""><font size=""2"">ジャケット（ブレザー）、ブルゾン（ジャンバー）<br>ワイシャツ、カッターシャツ<br>ドレスシャツ、ビジネススタイル<br>スーツスタイル、オフィススタイル<br>パーティ、クリスマス、<br>婚活、結婚式、披露宴、２次会</font></td>
  </tr>
  <tr>
    <td width=""30%"" align=""center"" valign=""middle"" style=""border: 1px solid black;""><font size=""2"">洗濯表示</font></td>
    <td width=""70%"" valign=""middle"" style=""border: 1px solid black;"">
<img src=""http://image.rakuten.co.jp/guy0084/cabinet/parts/laundry04.gif"" width=""43"" height=""43"" />
<img src=""http://image.rakuten.co.jp/guy0084/cabinet/parts/laundry02.gif"" width=""43"" height=""43"" />
<img src=""http://image.rakuten.co.jp/guy0084/cabinet/parts/laundry03.gif"" width=""43"" height=""43"" />
<img src=""http://image.rakuten.co.jp/guy0084/cabinet/parts/laundry08.gif"" width=""43"" height=""43"" />
<img src=""http://image.rakuten.co.jp/guy0084/cabinet/parts/laundry00.gif"" width=""43"" height=""43"" />

</td>
  </tr>
  <tr>
    <td colspan=""2"" bgcolor=""#ede4cd"" style=""border: 1px solid black;"" height=""8""><font size=""2"">【Key Word】</font></td>
  </tr>
  <tr>
    <td style=""border: 1px solid black;"" colspan=""2""><font size=""2"">MEN'S（メンズ）、パンツ<br>ゴルフ、会合、婚活、寄り合い、旅行<br>1タック</font></td>
  </tr>
  <tr>
    <td colspan=""2"" bgcolor=""#ede4cd"" style=""border: 1px solid black;"" height=""8""><font size=""2"">ギフト包装、プレゼント包装、のし対応</font></td>
  </tr>
  <tr>
    <td style=""border: 1px solid black;"" colspan=""2""><font size=""2"">お誕生日、昇進祝い、内祝い、バレンタインデー、クリスマス<br>入学祝い、卒業祝い、就職祝い、成人式<br>父の日、敬老の日 等　各種承っております。</font></td>
  </tr>
  <tr>
    <td colspan=""2"" bgcolor=""#000000"" style=""border: 1px solid black;"" height=""8""><font size=""2"" color=""white"">必ずお読みください</font></td>
  </tr>
  <tr>
    <td style=""border: 1px solid black;"" colspan=""2""><font size=""2"">ご使用のモニターによって、商品画像の色が<br>
            異なって見えることがあります。<br>
            あらかじめ、ご了承頂きますよう、お願い申し上げます。<br>
            ご購入の際は、表記カラーをご確認の上<br>
            お買い求めください。<br><br>実店舗での販売も行っている為、<br>ご注文頂いたタイミングによって在庫が無い場合もございます。<br>その際は、メール等でご連絡させて頂きます。<br>ご了承くださいませ。<br><br>
    商品についての詳細はメールor直接店舗の方に<br>お電話下さい。</font></td>
  </tr>
  <tr>
    <td style=""border: 1px solid black;"" colspan=""2""><font size=""2"">ご購入前にサイズ表を必ずご確認ください。<br />
      サイズ表はコチラ</font><br><font size=""-2"">Copyright(C) メンズショップ ガイ All rights reserved.</font></td>
  </tr>
<tr><td style=""border: 1px solid black;"" colspan=""2"" align=""right""><font size=""2"">2013/7/29【入荷】</font></td></tr>
</table>
</center><div align=""center"">

<div align=""center"">
     <img src=""https://image.rakuten.co.jp/guy0084/cabinet/campaign/0506_mara_1000.gif"" alt=""1000円クーポンプレゼント"" width=""616"" height=""120"" border=""0""><br><br>
<img src=""https://image.rakuten.co.jp/guy0084/cabinet/campaign/0506_mara_500.gif"" alt=""500円クーポンプレゼント"" width=""616"" height=""120"" border=""0""><br><br>
<img src=""https://image.rakuten.co.jp/guy0084/cabinet/campaign/0506_mara_300.gif"" alt=""300円クーポンプレゼント"" width=""616"" height=""120"" border=""0""><br><br>
<img src=""https://image.rakuten.co.jp/guy0084/cabinet/campaign/0519_social_cupon.jpg"" alt=""200円クーポンプレゼント"" width=""616"" height=""120"" border=""0""><br><br>
</div>
<p>
<img src=""http://image.rakuten.co.jp/guy0084/cabinet/campaign/cool-sp2016_01-n.jpg"" alt=""クール仕立て"" width=""616"" height=""120"" border=""0"">
</p>
<img src=""http://image.rakuten.co.jp/guy0084/cabinet/parts/welcome-600.gif"" alt=""ご来店ありがとうございます"" width=""600"" height=""30"" border=""0"">
<br><img src=""http://www.rakuten.ne.jp/gold/guy0084/parts/space.gif"" width=""5"" height=""5"" alt=""""><br>
<!--GoQSystemランキング自動更新ツールワイド-->
<table align=""center"" width=""600"" border=""0"" cellpadding=""0"" cellspacing=""0"" bgcolor=""#FFFFFF"">
<tr>
<td>
<table align=""center"" width=""600"" border=""0"" cellpadding=""0"" cellspacing=""0"" bgcolor=""#FFFFFF"">
<tr>
<td align=""center"" valign=""bottom"" bgcolor=""#cccccc""><img src=""http://www.rakuten.ne.jp/gold/guy0084/goqsystem/600rankingtitel.gif"" width=""600"" /></td>
</tr>
</table>
<table align=""center"" width=""596"" border=""0"" cellpadding=""0"" cellspacing=""0"" bgcolor=""#CCCCCC"" style=""border-left:solid;border-left-width:1px;border-right:solid;border-right-width:1px;border-bottom:solid;border-bottom-width:1px;border-color:#CCCCCC;"">
<tr>
<td align=""center"" bgcolor=""#FFFFFF"">
<div class=""ifrm-container"" style=""width:598px;height:460px;overflow:auto;-webkit-overflow-scrolling:touch;"">

</div>
</td>
</tr>
<tr>
<td align=""right"" bgcolor=""#FFFFFF"" style=""padding:2px;"">
<img src=""http://www.rakuten.ne.jp/gold/guy0084/goqsystem/powered_by_banner.gif"" width=""125"" />
</td>
</tr>
</table>
</td>
</tr>
</table>
<!--GoQSystemランキング自動更新ツールワイド-->
</div>",Agis M＆R【エィジス エムアンドアール】ポリエステルスラックス【ブラック】【SALL】【父の日ギフト】【auktn_50off】【2013/7/29】【楽天ランキング】：オーダースーツ ＧＵＹ0084,オーダースーツオーダーシャツドレスシャツレディースオーダーシャツAgis M＆R【エィジス エムアンドアール】ポリエステルスラックス【ブラック】【SALL】【父の日ギフト】【auktn_50off】【2013/7/29】【楽天ランキング】,【春夏物】【送料無料】。Agis M＆R【エィジス エムアンドアール】ポリエステルスラックス【ブラック】【SALL】【父の日ギフト】【auktn_50off】【2013/7/29】【楽天ランキング】[rn]
13-87898,http://tshop.r10s.jp/guy0084/cabinet/off-img/slacks/51313-d_m.jpg?fitin=700:700,5511.2000,,メンズファッション > ズボン・パンツ,Agis M＆R【エィジス エムアンドアール】ワンタックスラックス【ライトグリーン】【お取り寄せ】【2014/6/2】【楽天ランキング】【父の日】,【春夏物】【送料無料】,"<!--QRコード-->
<center>
<table width=""355"" border=""0"" cellspacing=""0"" cellpadding=""0"">
<tr>
    <td colspan=""2"" align=""center""><font size=""2"" color=""#800000""><!-- 携帯ポイント企画 --></font><br>
<img src=""http://image.rakuten.co.jp/guy0084/cabinet/parts/souryou_bn01.gif"" alt=""送料のご案内"" width=""410"" height=""80"" border=""0""><br><font size=""2"">発送からのお届け予定日時間帯</font></td>
    </tr>
  <tr>
    <td align=""center""><img src=""http://image.rakuten.co.jp/guy0084/cabinet/parts/mobile-cart.gif"" alt=""携帯から注文する"" width=""215"" height=""100"" border=""0"" /></td>
    <td align=""center""><img src=""http://image.rakuten.co.jp/guy0084/cabinet/qr-code-001/51313-d.jpg"" alt=""携帯へアクセス"" width=""111"" height=""111"" border=""0""></td>
  </tr>
  </table>
</center>
<!--QRコードend-->
<!--ギフトアイコン-->
<center>
<table border=""0"" cellspacing=""0"" cellpadding=""2"">
<tr>
<td valign=""middle"" nowrap><font size=""-1"">ギフト対応<br>
  詳しくはコチラ</font></td>
<td valign=""baseline"">
<img src=""http://image.rakuten.co.jp/guy0084/cabinet/parts/icon_wrapping.gif"" alt=""ラッピング対応"" width=""100"" height=""21"" hspace=""1"">
<img src=""http://image.rakuten.co.jp/guy0084/cabinet/parts/icon_noshi.gif"" alt=""のし対応"" width=""100"" height=""21"" hspace=""1"">
<img src=""http://image.rakuten.co.jp/guy0084/cabinet/parts/icon_noshi_kimei.gif"" alt=""のし記名可"" width=""100"" height=""21"" hspace=""1""></td>
</tr>
</table>
<br><img src=""http://www.rakuten.ne.jp/gold/guy0084/parts/space.gif"" width=""1"" height=""10"" alt="""" /><br>
</center>
<!--ギフトアイコンend-->
<center><!--イベント用-->
<table  width=""355"" border=""3"" bordercolor=""#1F0B09"" frame=""box"">
  <tr>
    <td width=""30%""  align=""center"" valign=""middle"" style=""border: 1px solid black;""><font size=""2"">ブランド</font></td>
    <td style=""border: 1px solid black;"" width=""70%""><font size=""2"">Agis M&R【エィジス エムアンドアール】</font></td>
  </tr>
  <tr>
    <td width=""30%"" height=""8"" align=""center"" style=""border: 1px solid black;""><font size=""2"">サイズ</font></td>
    <td style=""border: 1px solid black;"" width=""70%""><font size=""2"">79、82、85、88、91、94、97、100</font></td>
  </tr>
  <tr>
    <td width=""30%"" align=""center"" valign=""middle"" style=""border: 1px solid black;""><font size=""2"">素材</font></td>
    <td style=""border: 1px solid black;"" width=""70%""><font size=""2"">ポリエステル：100％<br>吸水・発散素材【ルミエース】</font></td>
  </tr>
  <tr>
    <td width=""30%"" align=""center"" valign=""middle"" style=""border: 1px solid black;""><font size=""2"">カラー</font></td>
    <td style=""border: 1px solid black;"" width=""70%""><font size=""2"">ライトグリーン</font></td>
  </tr>
  <tr>
    <td width=""30%"" align=""center"" valign=""middle"" style=""border: 1px solid black;""><font size=""2"">スタイル</font></td>
    <td style=""border: 1px solid black;"" width=""70%""><font size=""2"">ワイシャツ、カッターシャツ<br>ドレスシャツ、ビジネススタイル<br>オフィススタイル、パーティ<br>入学式、卒業式、２次会</font></td>
  </tr>
  <tr>
    <td width=""30%"" align=""center"" valign=""middle"" style=""border: 1px solid black;""><font size=""2"">洗濯表示</font></td>
    <td width=""70%"" valign=""middle"" style=""border: 1px solid black;"">
<img src=""http://image.rakuten.co.jp/guy0084/cabinet/parts/laundry20.gif"" width=""43"" height=""43"" />
<img src=""http://image.rakuten.co.jp/guy0084/cabinet/parts/laundry02.gif"" width=""43"" height=""43"" />
<img src=""http://image.rakuten.co.jp/guy0084/cabinet/parts/laundry03.gif"" width=""43"" height=""43"" /><br>
<img src=""http://image.rakuten.co.jp/guy0084/cabinet/parts/laundry10.gif"" width=""43"" height=""43"" />
<img src=""http://image.rakuten.co.jp/guy0084/cabinet/parts/laundry06.gif"" width=""43"" height=""43"" />
<img src=""http://image.rakuten.co.jp/guy0084/cabinet/parts/laundry01.gif"" width=""43"" height=""43"" /><br>
<font size=""2"">タンブラー乾燥は避けて下さい。<br>漂白剤は使用しないで下さい。</font>
</td>
  </tr>
  <tr>
    <td colspan=""2"" bgcolor=""#ede4cd"" style=""border: 1px solid black;"" height=""8""><font size=""2"">【Key Word】</font></td>
  </tr>
  <tr>
    <td style=""border: 1px solid black;"" colspan=""2""><font size=""2"">ワンタック、MEN'S（メンズ）ゴルフ、会合、婚活、寄り合い、旅行</font></td>
  </tr>
  <tr>
    <td colspan=""2"" bgcolor=""#ede4cd"" style=""border: 1px solid black;"" height=""8""><font size=""2"">ギフト包装、プレゼント包装、のし対応</font></td>
  </tr>
    <tr>
    <td style=""border: 1px solid black;"" colspan=""2""><font size=""2"">お誕生日、昇進祝い、内祝い、バレンタインデー、クリスマス<br>入学祝い、卒業祝い、就職祝い、成人式<br>父の日、敬老の日 等　各種承っております。</font></td>
  </tr>
  <tr>
    <td colspan=""2"" style=""border: 1px solid black;"" bgcolor=""#990000"" height=""8""><font color=""#FFFFFF"" size=""2"">【注意事項】</font></td>
  </tr>
  <tr>
    <td style=""border: 1px solid black;"" colspan=""2""><font size=""2"">コチラの商品は一部メーカー取り寄せ商品の為、<br>発送に５営業日かかる場合がございます。<br><br>在庫の管理には万全を期しておりますが、メーカーでの<br>在庫状況（完売）により、ご注文を変更またはキャンセル<br>させて頂く場合がございます事を予めご了承くださいませ。</font></td>
  </tr> 
  <tr>
    <td colspan=""2"" bgcolor=""#000000"" style=""border: 1px solid black;"" height=""8""><font size=""2"" color=""white"">必ずお読みください</font></td>
  </tr>
  <tr>
    <td style=""border: 1px solid black;"" colspan=""2""><font size=""2"">ご使用のモニターによって、商品画像の色が<br>
            異なって見えることがあります。<br>
            あらかじめ、ご了承頂きますよう、お願い申し上げます。<br>
            ご購入の際は、表記カラーをご確認の上<br>
            お買い求めください。<br><br>実店舗での販売も行っている為、<br>ご注文頂いたタイミングによって在庫が無い場合もございます。<br>その際は、メール等でご連絡させて頂きます。<br>ご了承くださいませ。<br><br>
    商品についての詳細はメールor直接店舗の方に<br>お電話下さい。</font></td>
  </tr>
  <tr>
    <td style=""border: 1px solid black;"" colspan=""2""><font size=""2"">ご購入前にサイズ表を必ずご確認ください。<br />
      サイズ表はコチラ</font><br><font size=""-2"">Copyright(C) メンズショップ ガイ All rights reserved.</font></td>
  </tr>
<tr><td style=""border: 1px solid black;"" colspan=""2"" align=""right""><font size=""2"">2014/6/2【入荷】</font></td></tr>
</table>
</center><div align=""center"">

<div align=""center"">
     <img src=""https://image.rakuten.co.jp/guy0084/cabinet/campaign/0506_mara_1000.gif"" alt=""1000円クーポンプレゼント"" width=""616"" height=""120"" border=""0""><br><br>
<img src=""https://image.rakuten.co.jp/guy0084/cabinet/campaign/0506_mara_500.gif"" alt=""500円クーポンプレゼント"" width=""616"" height=""120"" border=""0""><br><br>
<img src=""https://image.rakuten.co.jp/guy0084/cabinet/campaign/0506_mara_300.gif"" alt=""300円クーポンプレゼント"" width=""616"" height=""120"" border=""0""><br><br>
<img src=""https://image.rakuten.co.jp/guy0084/cabinet/campaign/0519_social_cupon.jpg"" alt=""200円クーポンプレゼント"" width=""616"" height=""120"" border=""0""><br><br>
</div>
<p>
<img src=""http://image.rakuten.co.jp/guy0084/cabinet/campaign/cool-sp2016_01-n.jpg"" alt=""クール仕立て"" width=""616"" height=""120"" border=""0"">
</p>
<img src=""http://image.rakuten.co.jp/guy0084/cabinet/parts/welcome-600.gif"" alt=""ご来店ありがとうございます"" width=""600"" height=""30"" border=""0"">
<br><img src=""http://www.rakuten.ne.jp/gold/guy0084/parts/space.gif"" width=""5"" height=""5"" alt=""""><br>
<!--GoQSystemランキング自動更新ツールワイド-->
<table align=""center"" width=""600"" border=""0"" cellpadding=""0"" cellspacing=""0"" bgcolor=""#FFFFFF"">
<tr>
<td>
<table align=""center"" width=""600"" border=""0"" cellpadding=""0"" cellspacing=""0"" bgcolor=""#FFFFFF"">
<tr>
<td align=""center"" valign=""bottom"" bgcolor=""#cccccc""><img src=""http://www.rakuten.ne.jp/gold/guy0084/goqsystem/600rankingtitel.gif"" width=""600"" /></td>
</tr>
</table>
<table align=""center"" width=""596"" border=""0"" cellpadding=""0"" cellspacing=""0"" bgcolor=""#CCCCCC"" style=""border-left:solid;border-left-width:1px;border-right:solid;border-right-width:1px;border-bottom:solid;border-bottom-width:1px;border-color:#CCCCCC;"">
<tr>
<td align=""center"" bgcolor=""#FFFFFF"">
<div class=""ifrm-container"" style=""width:598px;height:460px;overflow:auto;-webkit-overflow-scrolling:touch;"">

</div>
</td>
</tr>
<tr>
<td align=""right"" bgcolor=""#FFFFFF"" style=""padding:2px;"">
<img src=""http://www.rakuten.ne.jp/gold/guy0084/goqsystem/powered_by_banner.gif"" width=""125"" />
</td>
</tr>
</table>
</td>
</tr>
</table>
<!--GoQSystemランキング自動更新ツールワイド-->
</div>",Agis M＆R【エィジス エムアンドアール】ワンタックスラックス【ライトグリーン】【お取り寄せ】【2014/6/2】【楽天ランキング】【父の日】：オーダースーツ ＧＵＹ0084,オーダースーツオーダーシャツドレスシャツレディースオーダーシャツAgis M＆R【エィジス エムアンドアール】ワンタックスラックス【ライトグリーン】【お取り寄せ】【2014/6/2】【楽天ランキング】【父の日】,【春夏物】【送料無料】。Agis M＆R【エィジス エムアンドアール】ワンタックスラックス【ライトグリーン】【お取り寄せ】【2014/6/2】【楽天ランキング】【父の日】[rn]
13-87899,http://tshop.r10s.jp/guy0084/cabinet/off-img/slacks/13-01113-c_m.jpg?fitin=700:700,5511.2000,,メンズファッション > ズボン・パンツ,Agis M＆R【エィジス エムアンドアール】ポリエステルスラックス【ダークグレー】【SALL】【父の日ギフト】【auktn_50off】【2013/7/29】【楽天ランキング】,【春夏物】【送料無料】,"<!--QRコード-->
<center>
<table width=""355"" border=""0"" cellspacing=""0"" cellpadding=""0"">
<tr>
    <td colspan=""2"" align=""center""><font size=""2"" color=""#800000""><!-- 携帯ポイント企画 --></font><br>
<img src=""http://image.rakuten.co.jp/guy0084/cabinet/parts/souryou_bn01.gif"" alt=""送料のご案内"" width=""410"" height=""80"" border=""0""><br><font size=""2"">発送からのお届け予定日時間帯</font></td>
    </tr>
  <tr>
    <td align=""center""><img src=""http://image.rakuten.co.jp/guy0084/cabinet/parts/mobile-cart.gif"" alt=""携帯から注文する"" width=""215"" height=""100"" border=""0"" /></td>
    <td align=""center""><img src=""http://image.rakuten.co.jp/guy0084/cabinet/qr-code-002/13-01113-c.jpg"" alt=""携帯へアクセス"" width=""111"" height=""111"" border=""0""></td>
  </tr>
  </table>
</center>
<!--QRコードend-->
<!--ギフトアイコン-->
<center>
<table border=""0"" cellspacing=""0"" cellpadding=""2"">
<tr>
<td valign=""middle"" nowrap><font size=""-1"">ギフト対応<br>
  詳しくはコチラ</font></td>
<td valign=""baseline"">
<img src=""http://image.rakuten.co.jp/guy0084/cabinet/parts/icon_wrapping.gif"" alt=""ラッピング対応"" width=""100"" height=""21"" hspace=""1"">
<img src=""http://image.rakuten.co.jp/guy0084/cabinet/parts/icon_noshi.gif"" alt=""のし対応"" width=""100"" height=""21"" hspace=""1"">
<img src=""http://image.rakuten.co.jp/guy0084/cabinet/parts/icon_noshi_kimei.gif"" alt=""のし記名可"" width=""100"" height=""21"" hspace=""1""></td>
</tr>
</table>
<br><img src=""http://www.rakuten.ne.jp/gold/guy0084/parts/space.gif"" width=""1"" height=""10"" alt="""" /><br>
</center>
<!--ギフトアイコンend-->
<center><!--イベント用-->
<img src=""http://www.rakuten.ne.jp/gold/guy0084/parts/space.gif"" width=""1"" height=""5"" alt=""""><br>

<table  width=""355"" border=""3"" bordercolor=""#1F0B09"" frame=""box"">
  <tr>
    <td width=""30%""  align=""center"" valign=""middle"" style=""border: 1px solid black;""><font size=""2"">ブランド</font></td>
    <td style=""border: 1px solid black;"" width=""70%""><font size=""2"">Agis M&R【エィジス エムアンドアール】</font></td>
  </tr>
  <tr>
    <td width=""30%"" height=""8"" align=""center"" style=""border: 1px solid black;""><font size=""2"">サイズ</font></td>
    <td style=""border: 1px solid black;"" width=""70%""><font size=""2"">85、88、91、100、105</font></td>
  </tr>
  <tr>
    <td width=""30%"" align=""center"" valign=""middle"" style=""border: 1px solid black;""><font size=""2"">素材</font></td>
    <td style=""border: 1px solid black;"" width=""70%""><font size=""2"">表地　ポリエステル92％<br>指定外繊維（レクセ）8％</font></td>
  </tr>
  <tr>
    <td width=""30%"" align=""center"" valign=""middle"" style=""border: 1px solid black;""><font size=""2"">カラー</font></td>
    <td style=""border: 1px solid black;"" width=""70%""><font size=""2"">ダークグレー</font></td>
  </tr>
  <tr>
    <td width=""30%"" align=""center"" valign=""middle"" style=""border: 1px solid black;""><font size=""2"">スタイル</font></td>
    <td style=""border: 1px solid black;"" width=""70%""><font size=""2"">ジャケット（ブレザー）、ブルゾン（ジャンバー）<br>ワイシャツ、カッターシャツ<br>ドレスシャツ、ビジネススタイル<br>スーツスタイル、オフィススタイル<br>パーティ、クリスマス、<br>婚活、結婚式、披露宴、２次会</font></td>
  </tr>
  <tr>
    <td width=""30%"" align=""center"" valign=""middle"" style=""border: 1px solid black;""><font size=""2"">洗濯表示</font></td>
    <td width=""70%"" valign=""middle"" style=""border: 1px solid black;"">
<img src=""http://image.rakuten.co.jp/guy0084/cabinet/parts/laundry04.gif"" width=""43"" height=""43"" />
<img src=""http://image.rakuten.co.jp/guy0084/cabinet/parts/laundry02.gif"" width=""43"" height=""43"" />
<img src=""http://image.rakuten.co.jp/guy0084/cabinet/parts/laundry03.gif"" width=""43"" height=""43"" />
<img src=""http://image.rakuten.co.jp/guy0084/cabinet/parts/laundry08.gif"" width=""43"" height=""43"" />
<img src=""http://image.rakuten.co.jp/guy0084/cabinet/parts/laundry00.gif"" width=""43"" height=""43"" />

</td>
  </tr>
  <tr>
    <td colspan=""2"" bgcolor=""#ede4cd"" style=""border: 1px solid black;"" height=""8""><font size=""2"">【Key Word】</font></td>
  </tr>
  <tr>
    <td style=""border: 1px solid black;"" colspan=""2""><font size=""2"">MEN'S（メンズ）、パンツ<br>ゴルフ、会合、婚活、寄り合い、旅行<br>1タック</font></td>
  </tr>
  <tr>
    <td colspan=""2"" bgcolor=""#ede4cd"" style=""border: 1px solid black;"" height=""8""><font size=""2"">ギフト包装、プレゼント包装、のし対応</font></td>
  </tr>
  <tr>
    <td style=""border: 1px solid black;"" colspan=""2""><font size=""2"">お誕生日、昇進祝い、内祝い、バレンタインデー、クリスマス<br>入学祝い、卒業祝い、就職祝い、成人式<br>父の日、敬老の日 等　各種承っております。</font></td>
  </tr>
  <tr>
    <td colspan=""2"" bgcolor=""#000000"" style=""border: 1px solid black;"" height=""8""><font size=""2"" color=""white"">必ずお読みください</font></td>
  </tr>
  <tr>
    <td style=""border: 1px solid black;"" colspan=""2""><font size=""2"">ご使用のモニターによって、商品画像の色が<br>
            異なって見えることがあります。<br>
            あらかじめ、ご了承頂きますよう、お願い申し上げます。<br>
            ご購入の際は、表記カラーをご確認の上<br>
            お買い求めください。<br><br>実店舗での販売も行っている為、<br>ご注文頂いたタイミングによって在庫が無い場合もございます。<br>その際は、メール等でご連絡させて頂きます。<br>ご了承くださいませ。<br><br>
    商品についての詳細はメールor直接店舗の方に<br>お電話下さい。</font></td>
  </tr>
  <tr>
    <td style=""border: 1px solid black;"" colspan=""2""><font size=""2"">ご購入前にサイズ表を必ずご確認ください。<br />
      サイズ表はコチラ</font><br><font size=""-2"">Copyright(C) メンズショップ ガイ All rights reserved.</font></td>
  </tr>
<tr><td style=""border: 1px solid black;"" colspan=""2"" align=""right""><font size=""2"">2013/7/29【入荷】</font></td></tr>
</table>
</center><div align=""center"">

<div align=""center"">
     <img src=""https://image.rakuten.co.jp/guy0084/cabinet/campaign/0506_mara_1000.gif"" alt=""1000円クーポンプレゼント"" width=""616"" height=""120"" border=""0""><br><br>
<img src=""https://image.rakuten.co.jp/guy0084/cabinet/campaign/0506_mara_500.gif"" alt=""500円クーポンプレゼント"" width=""616"" height=""120"" border=""0""><br><br>
<img src=""https://image.rakuten.co.jp/guy0084/cabinet/campaign/0506_mara_300.gif"" alt=""300円クーポンプレゼント"" width=""616"" height=""120"" border=""0""><br><br>
<img src=""https://image.rakuten.co.jp/guy0084/cabinet/campaign/0519_social_cupon.jpg"" alt=""200円クーポンプレゼント"" width=""616"" height=""120"" border=""0""><br><br>
</div>
<p>
<img src=""http://image.rakuten.co.jp/guy0084/cabinet/campaign/cool-sp2016_01-n.jpg"" alt=""クール仕立て"" width=""616"" height=""120"" border=""0"">
</p>
<img src=""http://image.rakuten.co.jp/guy0084/cabinet/parts/welcome-600.gif"" alt=""ご来店ありがとうございます"" width=""600"" height=""30"" border=""0"">
<br><img src=""http://www.rakuten.ne.jp/gold/guy0084/parts/space.gif"" width=""5"" height=""5"" alt=""""><br>
<!--GoQSystemランキング自動更新ツールワイド-->
<table align=""center"" width=""600"" border=""0"" cellpadding=""0"" cellspacing=""0"" bgcolor=""#FFFFFF"">
<tr>
<td>
<table align=""center"" width=""600"" border=""0"" cellpadding=""0"" cellspacing=""0"" bgcolor=""#FFFFFF"">
<tr>
<td align=""center"" valign=""bottom"" bgcolor=""#cccccc""><img src=""http://www.rakuten.ne.jp/gold/guy0084/goqsystem/600rankingtitel.gif"" width=""600"" /></td>
</tr>
</table>
<table align=""center"" width=""596"" border=""0"" cellpadding=""0"" cellspacing=""0"" bgcolor=""#CCCCCC"" style=""border-left:solid;border-left-width:1px;border-right:solid;border-right-width:1px;border-bottom:solid;border-bottom-width:1px;border-color:#CCCCCC;"">
<tr>
<td align=""center"" bgcolor=""#FFFFFF"">
<div class=""ifrm-container"" style=""width:598px;height:460px;overflow:auto;-webkit-overflow-scrolling:touch;"">

</div>
</td>
</tr>
<tr>
<td align=""right"" bgcolor=""#FFFFFF"" style=""padding:2px;"">
<img src=""http://www.rakuten.ne.jp/gold/guy0084/goqsystem/powered_by_banner.gif"" width=""125"" />
</td>
</tr>
</table>
</td>
</tr>
</table>
<!--GoQSystemランキング自動更新ツールワイド-->
</div>",Agis M＆R【エィジス エムアンドアール】ポリエステルスラックス【ダークグレー】【SALL】【父の日ギフト】【auktn_50off】【2013/7/29】【楽天ランキング】：オーダースーツ ＧＵＹ0084,オーダースーツオーダーシャツドレスシャツレディースオーダーシャツAgis M＆R【エィジス エムアンドアール】ポリエステルスラックス【ダークグレー】【SALL】【父の日ギフト】【auktn_50off】【2013/7/29】【楽天ランキング】,【春夏物】【送料無料】。Agis M＆R【エィジス エムアンドアール】ポリエステルスラックス【ダークグレー】【SALL】【父の日ギフト】【auktn_50off】【2013/7/29】【楽天ランキング】[rn]
13-87900,http://tshop.r10s.jp/guy0084/cabinet/off-img/slacks/20013-b_m.jpg?fitin=700:700,5511.2000,,メンズファッション > ズボン・パンツ,Agis M＆R【エィジス エムアンドアール】ツータックスラックス【ネイビー】【お取り寄せ】【2014/6/2】【楽天ランキング】【父の日】,【春夏物】【送料無料】,"<!--QRコード-->
<center>
<table width=""355"" border=""0"" cellspacing=""0"" cellpadding=""0"">
<tr>
    <td colspan=""2"" align=""center""><font size=""2"" color=""#800000""><!-- 携帯ポイント企画 --></font><br>
<img src=""http://image.rakuten.co.jp/guy0084/cabinet/parts/souryou_bn01.gif"" alt=""送料のご案内"" width=""410"" height=""80"" border=""0""><br><font size=""2"">発送からのお届け予定日時間帯</font></td>
    </tr>
  <tr>
    <td align=""center""><img src=""http://image.rakuten.co.jp/guy0084/cabinet/parts/mobile-cart.gif"" alt=""携帯から注文する"" width=""215"" height=""100"" border=""0"" /></td>
    <td align=""center""><img src=""http://image.rakuten.co.jp/guy0084/cabinet/qr-code-001/20013-b.jpg"" alt=""携帯へアクセス"" width=""111"" height=""111"" border=""0""></td>
  </tr>
  </table>
</center>
<!--QRコードend-->
<!--ギフトアイコン-->
<center>
<table border=""0"" cellspacing=""0"" cellpadding=""2"">
<tr>
<td valign=""middle"" nowrap><font size=""-1"">ギフト対応<br>
  詳しくはコチラ</font></td>
<td valign=""baseline"">
<img src=""http://image.rakuten.co.jp/guy0084/cabinet/parts/icon_wrapping.gif"" alt=""ラッピング対応"" width=""100"" height=""21"" hspace=""1"">
<img src=""http://image.rakuten.co.jp/guy0084/cabinet/parts/icon_noshi.gif"" alt=""のし対応"" width=""100"" height=""21"" hspace=""1"">
<img src=""http://image.rakuten.co.jp/guy0084/cabinet/parts/icon_noshi_kimei.gif"" alt=""のし記名可"" width=""100"" height=""21"" hspace=""1""></td>
</tr>
</table>
<br><img src=""http://www.rakuten.ne.jp/gold/guy0084/parts/space.gif"" width=""1"" height=""10"" alt="""" /><br>
</center>
<!--ギフトアイコンend-->
<center><!--イベント用-->
<table  width=""355"" border=""3"" bordercolor=""#1F0B09"" frame=""box"">
  <tr>
    <td width=""30%""  align=""center"" valign=""middle"" style=""border: 1px solid black;""><font size=""2"">ブランド</font></td>
    <td style=""border: 1px solid black;"" width=""70%""><font size=""2"">Agis M&R【エィジス エムアンドアール】</font></td>
  </tr>
  <tr>
    <td width=""30%"" height=""8"" align=""center"" style=""border: 1px solid black;""><font size=""2"">サイズ</font></td>
    <td style=""border: 1px solid black;"" width=""70%""><font size=""2"">82、85、88、91、94</font></td>
  </tr>
  <tr>
    <td width=""30%"" align=""center"" valign=""middle"" style=""border: 1px solid black;""><font size=""2"">素材</font></td>
    <td style=""border: 1px solid black;"" width=""70%""><font size=""2"">ポリエステル：100％</font></td>
  </tr>
  <tr>
    <td width=""30%"" align=""center"" valign=""middle"" style=""border: 1px solid black;""><font size=""2"">カラー</font></td>
    <td style=""border: 1px solid black;"" width=""70%""><font size=""2"">ネイビー</font></td>
  </tr>
  <tr>
    <td width=""30%"" align=""center"" valign=""middle"" style=""border: 1px solid black;""><font size=""2"">スタイル</font></td>
    <td style=""border: 1px solid black;"" width=""70%""><font size=""2"">ワイシャツ、カッターシャツ<br>ドレスシャツ、ビジネススタイル<br>オフィススタイル、パーティ<br>入学式、卒業式、２次会</font></td>
  </tr>
  <tr>
    <td width=""30%"" align=""center"" valign=""middle"" style=""border: 1px solid black;""><font size=""2"">洗濯表示</font></td>
    <td width=""70%"" valign=""middle"" style=""border: 1px solid black;"">
<img src=""http://image.rakuten.co.jp/guy0084/cabinet/parts/laundry20.gif"" width=""43"" height=""43"" />
<img src=""http://image.rakuten.co.jp/guy0084/cabinet/parts/laundry02.gif"" width=""43"" height=""43"" />
<img src=""http://image.rakuten.co.jp/guy0084/cabinet/parts/laundry03.gif"" width=""43"" height=""43"" /><br>
<img src=""http://image.rakuten.co.jp/guy0084/cabinet/parts/laundry10.gif"" width=""43"" height=""43"" />
<img src=""http://image.rakuten.co.jp/guy0084/cabinet/parts/laundry06.gif"" width=""43"" height=""43"" />
<img src=""http://image.rakuten.co.jp/guy0084/cabinet/parts/laundry01.gif"" width=""43"" height=""43"" /><br>
<font size=""2"">タンブラー乾燥は避けて下さい。<br>漂白剤は使用しないで下さい。</font>
</td>
  </tr>
  <tr>
    <td colspan=""2"" bgcolor=""#ede4cd"" style=""border: 1px solid black;"" height=""8""><font size=""2"">【Key Word】</font></td>
  </tr>
  <tr>
    <td style=""border: 1px solid black;"" colspan=""2""><font size=""2"">ツータック、MEN'S（メンズ）ゴルフ、会合、婚活、寄り合い、旅行</font></td>
  </tr>
  <tr>
    <td colspan=""2"" bgcolor=""#ede4cd"" style=""border: 1px solid black;"" height=""8""><font size=""2"">ギフト包装、プレゼント包装、のし対応</font></td>
  </tr>
    <tr>
    <td style=""border: 1px solid black;"" colspan=""2""><font size=""2"">お誕生日、昇進祝い、内祝い、バレンタインデー、クリスマス<br>入学祝い、卒業祝い、就職祝い、成人式<br>父の日、敬老の日 等　各種承っております。</font></td>
  </tr>
  <tr>
    <td colspan=""2"" style=""border: 1px solid black;"" bgcolor=""#990000"" height=""8""><font color=""#FFFFFF"" size=""2"">【注意事項】</font></td>
  </tr>
  <tr>
    <td style=""border: 1px solid black;"" colspan=""2""><font size=""2"">コチラの商品は一部メーカー取り寄せ商品の為、<br>発送に５営業日かかる場合がございます。<br><br>在庫の管理には万全を期しておりますが、メーカーでの<br>在庫状況（完売）により、ご注文を変更またはキャンセル<br>させて頂く場合がございます事を予めご了承くださいませ。</font></td>
  </tr> 
  <tr>
    <td colspan=""2"" bgcolor=""#000000"" style=""border: 1px solid black;"" height=""8""><font size=""2"" color=""white"">必ずお読みください</font></td>
  </tr>
  <tr>
    <td style=""border: 1px solid black;"" colspan=""2""><font size=""2"">ご使用のモニターによって、商品画像の色が<br>
            異なって見えることがあります。<br>
            あらかじめ、ご了承頂きますよう、お願い申し上げます。<br>
            ご購入の際は、表記カラーをご確認の上<br>
            お買い求めください。<br><br>実店舗での販売も行っている為、<br>ご注文頂いたタイミングによって在庫が無い場合もございます。<br>その際は、メール等でご連絡させて頂きます。<br>ご了承くださいませ。<br><br>
    商品についての詳細はメールor直接店舗の方に<br>お電話下さい。</font></td>
  </tr>
  <tr>
    <td style=""border: 1px solid black;"" colspan=""2""><font size=""2"">ご購入前にサイズ表を必ずご確認ください。<br />
      サイズ表はコチラ</font><br><font size=""-2"">Copyright(C) メンズショップ ガイ All rights reserved.</font></td>
  </tr>
<tr><td style=""border: 1px solid black;"" colspan=""2"" align=""right""><font size=""2"">2014/6/2【入荷】</font></td></tr>
</table>
</center><div align=""center"">

<div align=""center"">
     <img src=""https://image.rakuten.co.jp/guy0084/cabinet/campaign/0506_mara_1000.gif"" alt=""1000円クーポンプレゼント"" width=""616"" height=""120"" border=""0""><br><br>
<img src=""https://image.rakuten.co.jp/guy0084/cabinet/campaign/0506_mara_500.gif"" alt=""500円クーポンプレゼント"" width=""616"" height=""120"" border=""0""><br><br>
<img src=""https://image.rakuten.co.jp/guy0084/cabinet/campaign/0506_mara_300.gif"" alt=""300円クーポンプレゼント"" width=""616"" height=""120"" border=""0""><br><br>
<img src=""https://image.rakuten.co.jp/guy0084/cabinet/campaign/0519_social_cupon.jpg"" alt=""200円クーポンプレゼント"" width=""616"" height=""120"" border=""0""><br><br>
</div>
<p>
<img src=""http://image.rakuten.co.jp/guy0084/cabinet/campaign/cool-sp2016_01-n.jpg"" alt=""クール仕立て"" width=""616"" height=""120"" border=""0"">
</p>
<img src=""http://image.rakuten.co.jp/guy0084/cabinet/parts/welcome-600.gif"" alt=""ご来店ありがとうございます"" width=""600"" height=""30"" border=""0"">
<br><img src=""http://www.rakuten.ne.jp/gold/guy0084/parts/space.gif"" width=""5"" height=""5"" alt=""""><br>
<!--GoQSystemランキング自動更新ツールワイド-->
<table align=""center"" width=""600"" border=""0"" cellpadding=""0"" cellspacing=""0"" bgcolor=""#FFFFFF"">
<tr>
<td>
<table align=""center"" width=""600"" border=""0"" cellpadding=""0"" cellspacing=""0"" bgcolor=""#FFFFFF"">
<tr>
<td align=""center"" valign=""bottom"" bgcolor=""#cccccc""><img src=""http://www.rakuten.ne.jp/gold/guy0084/goqsystem/600rankingtitel.gif"" width=""600"" /></td>
</tr>
</table>
<table align=""center"" width=""596"" border=""0"" cellpadding=""0"" cellspacing=""0"" bgcolor=""#CCCCCC"" style=""border-left:solid;border-left-width:1px;border-right:solid;border-right-width:1px;border-bottom:solid;border-bottom-width:1px;border-color:#CCCCCC;"">
<tr>
<td align=""center"" bgcolor=""#FFFFFF"">
<div class=""ifrm-container"" style=""width:598px;height:460px;overflow:auto;-webkit-overflow-scrolling:touch;"">

</div>
</td>
</tr>
<tr>
<td align=""right"" bgcolor=""#FFFFFF"" style=""padding:2px;"">
<img src=""http://www.rakuten.ne.jp/gold/guy0084/goqsystem/powered_by_banner.gif"" width=""125"" />
</td>
</tr>
</table>
</td>
</tr>
</table>
<!--GoQSystemランキング自動更新ツールワイド-->
</div>",Agis M＆R【エィジス エムアンドアール】ツータックスラックス【ネイビー】【お取り寄せ】【2014/6/2】【楽天ランキング】【父の日】：オーダースーツ ＧＵＹ0084,オーダースーツオーダーシャツドレスシャツレディースオーダーシャツAgis M＆R【エィジス エムアンドアール】ツータックスラックス【ネイビー】【お取り寄せ】【2014/6/2】【楽天ランキング】【父の日】,【春夏物】【送料無料】。Agis M＆R【エィジス エムアンドアール】ツータックスラックス【ネイビー】【お取り寄せ】【2014/6/2】【楽天ランキング】【父の日】[rn]
13-87901,http://tshop.r10s.jp/guy0084/cabinet/off-img/slacks/51313-a_m.jpg?fitin=700:700,5511.2000,,メンズファッション > ズボン・パンツ,Agis M＆R【エィジス エムアンドアール】ワンタックスラックス【ブラック】【お取り寄せ】【2014/6/2】【楽天ランキング】【父の日】,【春夏物】【送料無料】,"<!--QRコード-->
<center>
<table width=""355"" border=""0"" cellspacing=""0"" cellpadding=""0"">
<tr>
    <td colspan=""2"" align=""center""><font size=""2"" color=""#800000""><!-- 携帯ポイント企画 --></font><br>
<img src=""http://image.rakuten.co.jp/guy0084/cabinet/parts/souryou_bn01.gif"" alt=""送料のご案内"" width=""410"" height=""80"" border=""0""><br><font size=""2"">発送からのお届け予定日時間帯</font></td>
    </tr>
  <tr>
    <td align=""center""><img src=""http://image.rakuten.co.jp/guy0084/cabinet/parts/mobile-cart.gif"" alt=""携帯から注文する"" width=""215"" height=""100"" border=""0"" /></td>
    <td align=""center""><img src=""http://image.rakuten.co.jp/guy0084/cabinet/qr-code-001/51313-a.jpg"" alt=""携帯へアクセス"" width=""111"" height=""111"" border=""0""></td>
  </tr>
  </table>
</center>
<!--QRコードend-->
<!--ギフトアイコン-->
<center>
<table border=""0"" cellspacing=""0"" cellpadding=""2"">
<tr>
<td valign=""middle"" nowrap><font size=""-1"">ギフト対応<br>
  詳しくはコチラ</font></td>
<td valign=""baseline"">
<img src=""http://image.rakuten.co.jp/guy0084/cabinet/parts/icon_wrapping.gif"" alt=""ラッピング対応"" width=""100"" height=""21"" hspace=""1"">
<img src=""http://image.rakuten.co.jp/guy0084/cabinet/parts/icon_noshi.gif"" alt=""のし対応"" width=""100"" height=""21"" hspace=""1"">
<img src=""http://image.rakuten.co.jp/guy0084/cabinet/parts/icon_noshi_kimei.gif"" alt=""のし記名可"" width=""100"" height=""21"" hspace=""1""></td>
</tr>
</table>
<br><img src=""http://www.rakuten.ne.jp/gold/guy0084/parts/space.gif"" width=""1"" height=""10"" alt="""" /><br>
</center>
<!--ギフトアイコンend-->
<center><!--イベント用-->
<table  width=""355"" border=""3"" bordercolor=""#1F0B09"" frame=""box"">
  <tr>
    <td width=""30%""  align=""center"" valign=""middle"" style=""border: 1px solid black;""><font size=""2"">ブランド</font></td>
    <td style=""border: 1px solid black;"" width=""70%""><font size=""2"">Agis M&R【エィジス エムアンドアール】</font></td>
  </tr>
  <tr>
    <td width=""30%"" height=""8"" align=""center"" style=""border: 1px solid black;""><font size=""2"">サイズ</font></td>
    <td style=""border: 1px solid black;"" width=""70%""><font size=""2"">79、82、85、88、91、94、97</font></td>
  </tr>
  <tr>
    <td width=""30%"" align=""center"" valign=""middle"" style=""border: 1px solid black;""><font size=""2"">素材</font></td>
    <td style=""border: 1px solid black;"" width=""70%""><font size=""2"">ポリエステル：100％<br>吸水・発散素材【ルミエース】</font></td>
  </tr>
  <tr>
    <td width=""30%"" align=""center"" valign=""middle"" style=""border: 1px solid black;""><font size=""2"">カラー</font></td>
    <td style=""border: 1px solid black;"" width=""70%""><font size=""2"">ブラック</font></td>
  </tr>
  <tr>
    <td width=""30%"" align=""center"" valign=""middle"" style=""border: 1px solid black;""><font size=""2"">スタイル</font></td>
    <td style=""border: 1px solid black;"" width=""70%""><font size=""2"">ワイシャツ、カッターシャツ<br>ドレスシャツ、ビジネススタイル<br>オフィススタイル、パーティ<br>入学式、卒業式、２次会</font></td>
  </tr>
  <tr>
    <td width=""30%"" align=""center"" valign=""middle"" style=""border: 1px solid black;""><font size=""2"">洗濯表示</font></td>
    <td width=""70%"" valign=""middle"" style=""border: 1px solid black;"">
<img src=""http://image.rakuten.co.jp/guy0084/cabinet/parts/laundry20.gif"" width=""43"" height=""43"" />
<img src=""http://image.rakuten.co.jp/guy0084/cabinet/parts/laundry02.gif"" width=""43"" height=""43"" />
<img src=""http://image.rakuten.co.jp/guy0084/cabinet/parts/laundry03.gif"" width=""43"" height=""43"" /><br>
<img src=""http://image.rakuten.co.jp/guy0084/cabinet/parts/laundry10.gif"" width=""43"" height=""43"" />
<img src=""http://image.rakuten.co.jp/guy0084/cabinet/parts/laundry06.gif"" width=""43"" height=""43"" />
<img src=""http://image.rakuten.co.jp/guy0084/cabinet/parts/laundry01.gif"" width=""43"" height=""43"" /><br>
<font size=""2"">タンブラー乾燥は避けて下さい。<br>漂白剤は使用しないで下さい。</font>
</td>
  </tr>
  <tr>
    <td colspan=""2"" bgcolor=""#ede4cd"" style=""border: 1px solid black;"" height=""8""><font size=""2"">【Key Word】</font></td>
  </tr>
  <tr>
    <td style=""border: 1px solid black;"" colspan=""2""><font size=""2"">ワンタック、MEN'S（メンズ）ゴルフ、会合、婚活、寄り合い、旅行</font></td>
  </tr>
  <tr>
    <td colspan=""2"" bgcolor=""#ede4cd"" style=""border: 1px solid black;"" height=""8""><font size=""2"">ギフト包装、プレゼント包装、のし対応</font></td>
  </tr>
    <tr>
    <td style=""border: 1px solid black;"" colspan=""2""><font size=""2"">お誕生日、昇進祝い、内祝い、バレンタインデー、クリスマス<br>入学祝い、卒業祝い、就職祝い、成人式<br>父の日、敬老の日 等　各種承っております。</font></td>
  </tr>
  <tr>
    <td colspan=""2"" style=""border: 1px solid black;"" bgcolor=""#990000"" height=""8""><font color=""#FFFFFF"" size=""2"">【注意事項】</font></td>
  </tr>
  <tr>
    <td style=""border: 1px solid black;"" colspan=""2""><font size=""2"">コチラの商品は一部メーカー取り寄せ商品の為、<br>発送に５営業日かかる場合がございます。<br><br>在庫の管理には万全を期しておりますが、メーカーでの<br>在庫状況（完売）により、ご注文を変更またはキャンセル<br>させて頂く場合がございます事を予めご了承くださいませ。</font></td>
  </tr> 
  <tr>
    <td colspan=""2"" bgcolor=""#000000"" style=""border: 1px solid black;"" height=""8""><font size=""2"" color=""white"">必ずお読みください</font></td>
  </tr>
  <tr>
    <td style=""border: 1px solid black;"" colspan=""2""><font size=""2"">ご使用のモニターによって、商品画像の色が<br>
            異なって見えることがあります。<br>
            あらかじめ、ご了承頂きますよう、お願い申し上げます。<br>
            ご購入の際は、表記カラーをご確認の上<br>
            お買い求めください。<br><br>実店舗での販売も行っている為、<br>ご注文頂いたタイミングによって在庫が無い場合もございます。<br>その際は、メール等でご連絡させて頂きます。<br>ご了承くださいませ。<br><br>
    商品についての詳細はメールor直接店舗の方に<br>お電話下さい。</font></td>
  </tr>
  <tr>
    <td style=""border: 1px solid black;"" colspan=""2""><font size=""2"">ご購入前にサイズ表を必ずご確認ください。<br />
      サイズ表はコチラ</font><br><font size=""-2"">Copyright(C) メンズショップ ガイ All rights reserved.</font></td>
  </tr>
<tr><td style=""border: 1px solid black;"" colspan=""2"" align=""right""><font size=""2"">2014/6/2【入荷】</font></td></tr>
</table>
</center><div align=""center"">

<div align=""center"">
     <img src=""https://image.rakuten.co.jp/guy0084/cabinet/campaign/0506_mara_1000.gif"" alt=""1000円クーポンプレゼント"" width=""616"" height=""120"" border=""0""><br><br>
<img src=""https://image.rakuten.co.jp/guy0084/cabinet/campaign/0506_mara_500.gif"" alt=""500円クーポンプレゼント"" width=""616"" height=""120"" border=""0""><br><br>
<img src=""https://image.rakuten.co.jp/guy0084/cabinet/campaign/0506_mara_300.gif"" alt=""300円クーポンプレゼント"" width=""616"" height=""120"" border=""0""><br><br>
<img src=""https://image.rakuten.co.jp/guy0084/cabinet/campaign/0519_social_cupon.jpg"" alt=""200円クーポンプレゼント"" width=""616"" height=""120"" border=""0""><br><br>
</div>
<p>
<img src=""http://image.rakuten.co.jp/guy0084/cabinet/campaign/cool-sp2016_01-n.jpg"" alt=""クール仕立て"" width=""616"" height=""120"" border=""0"">
</p>
<img src=""http://image.rakuten.co.jp/guy0084/cabinet/parts/welcome-600.gif"" alt=""ご来店ありがとうございます"" width=""600"" height=""30"" border=""0"">
<br><img src=""http://www.rakuten.ne.jp/gold/guy0084/parts/space.gif"" width=""5"" height=""5"" alt=""""><br>
<!--GoQSystemランキング自動更新ツールワイド-->
<table align=""center"" width=""600"" border=""0"" cellpadding=""0"" cellspacing=""0"" bgcolor=""#FFFFFF"">
<tr>
<td>
<table align=""center"" width=""600"" border=""0"" cellpadding=""0"" cellspacing=""0"" bgcolor=""#FFFFFF"">
<tr>
<td align=""center"" valign=""bottom"" bgcolor=""#cccccc""><img src=""http://www.rakuten.ne.jp/gold/guy0084/goqsystem/600rankingtitel.gif"" width=""600"" /></td>
</tr>
</table>
<table align=""center"" width=""596"" border=""0"" cellpadding=""0"" cellspacing=""0"" bgcolor=""#CCCCCC"" style=""border-left:solid;border-left-width:1px;border-right:solid;border-right-width:1px;border-bottom:solid;border-bottom-width:1px;border-color:#CCCCCC;"">
<tr>
<td align=""center"" bgcolor=""#FFFFFF"">
<div class=""ifrm-container"" style=""width:598px;height:460px;overflow:auto;-webkit-overflow-scrolling:touch;"">

</div>
</td>
</tr>
<tr>
<td align=""right"" bgcolor=""#FFFFFF"" style=""padding:2px;"">
<img src=""http://www.rakuten.ne.jp/gold/guy0084/goqsystem/powered_by_banner.gif"" width=""125"" />
</td>
</tr>
</table>
</td>
</tr>
</table>
<!--GoQSystemランキング自動更新ツールワイド-->
</div>",Agis M＆R【エィジス エムアンドアール】ワンタックスラックス【ブラック】【お取り寄せ】【2014/6/2】【楽天ランキング】【父の日】：オーダースーツ ＧＵＹ0084,オーダースーツオーダーシャツドレスシャツレディースオーダーシャツAgis M＆R【エィジス エムアンドアール】ワンタックスラックス【ブラック】【お取り寄せ】【2014/6/2】【楽天ランキング】【父の日】,【春夏物】【送料無料】。Agis M＆R【エィジス エムアンドアール】ワンタックスラックス【ブラック】【お取り寄せ】【2014/6/2】【楽天ランキング】【父の日】[rn]
13-87902,http://tshop.r10s.jp/guy0084/cabinet/pants/13-71217-b_m.jpg?fitin=700:700,6252.0000,,メンズファッション > ズボン・パンツ,【最終バーゲン】Agis M＆R【エィジス エムアンドアール】ウールスラックス【ライトグレー】【SALL】【お取り寄せ】【auktn_50off】【2012/11/23】【楽天ランキング】【父の日】,【秋冬物】【送料無料】,"<!--QRコード-->
<center>
<table width=""355"" border=""0"" cellspacing=""0"" cellpadding=""0"">
<tr>
    <td colspan=""2"" align=""center""><font size=""2"" color=""#800000""><!-- 携帯ポイント企画 --></font><br>
<img src=""http://image.rakuten.co.jp/guy0084/cabinet/parts/souryou_bn01.gif"" alt=""送料のご案内"" width=""410"" height=""80"" border=""0""><br><font size=""2"">発送からのお届け予定日時間帯</font></td>
    </tr>
  <tr>
    <td align=""center""><img src=""http://image.rakuten.co.jp/guy0084/cabinet/parts/mobile-cart.gif"" alt=""携帯から注文する"" width=""215"" height=""100"" border=""0"" /></td>
    <td align=""center""><img src=""http://image.rakuten.co.jp/guy0084/cabinet/qr-code-004/13-71217-b.jpg"" alt=""携帯へアクセス"" width=""111"" height=""111"" border=""0""></td>
  </tr>
  </table>
</center>
<!--QRコードend-->
<!--ギフトアイコン-->
<center>
<table border=""0"" cellspacing=""0"" cellpadding=""2"">
<tr>
<td valign=""middle"" nowrap><font size=""-1"">ギフト対応<br>
  詳しくはコチラ</font></td>
<td valign=""baseline"">
<img src=""http://image.rakuten.co.jp/guy0084/cabinet/parts/icon_wrapping.gif"" alt=""ラッピング対応"" width=""100"" height=""21"" hspace=""1"">
<img src=""http://image.rakuten.co.jp/guy0084/cabinet/parts/icon_noshi.gif"" alt=""のし対応"" width=""100"" height=""21"" hspace=""1"">
<img src=""http://image.rakuten.co.jp/guy0084/cabinet/parts/icon_noshi_kimei.gif"" alt=""のし記名可"" width=""100"" height=""21"" hspace=""1""></td>
</tr>
</table>
<br><img src=""http://www.rakuten.ne.jp/gold/guy0084/parts/space.gif"" width=""1"" height=""10"" alt="""" /><br>
</center>
<!--ギフトアイコンend-->
<center><!--イベント-->
<img src=""http://www.rakuten.ne.jp/gold/guy0084/parts/space.gif"" width=""1"" height=""5"" alt=""""><br>

<table  width=""355"" border=""3"" bordercolor=""#1F0B09"" frame=""box"">
  <tr>
    <td width=""30%""  align=""center"" valign=""middle"" style=""border: 1px solid black;""><font size=""2"">ブランド</font></td>
    <td style=""border: 1px solid black;"" width=""70%""><font size=""2"">Agis M&R【エィジス エムアンドアール】</font></td>
  </tr>
  <tr>
    <td width=""30%"" height=""8"" align=""center"" style=""border: 1px solid black;""><font size=""2"">サイズ</font></td>
    <td style=""border: 1px solid black;"" width=""70%""><font size=""2"">85、88、91、94</font></td>
  </tr>
  <tr>
    <td width=""30%"" align=""center"" valign=""middle"" style=""border: 1px solid black;""><font size=""2"">素材</font></td>
    <td style=""border: 1px solid black;"" width=""70%""><font size=""2"">表　毛67％ ポリエステル22％<br>アクリル7％ ナイロン3％ ポリウレタン1％</font></td>
  </tr>
  <tr>
    <td width=""30%"" align=""center"" valign=""middle"" style=""border: 1px solid black;""><font size=""2"">カラー</font></td>
    <td style=""border: 1px solid black;"" width=""70%""><font size=""2"">ライトグレー</font></td>
  </tr>
  <tr>
    <td width=""30%"" align=""center"" valign=""middle"" style=""border: 1px solid black;""><font size=""2"">スタイル</font></td>
    <td style=""border: 1px solid black;"" width=""70%""><font size=""2"">ジャケット（ブレザー）、ブルゾン（ジャンバー）<br>ワイシャツ、カッターシャツ<br>ドレスシャツ、ビジネススタイル<br>スーツスタイル、オフィススタイル<br>パーティ、クリスマス、<br>婚活、結婚式、披露宴、２次会</font></td>
  </tr>
  <tr>
    <td width=""30%"" align=""center"" valign=""middle"" style=""border: 1px solid black;""><font size=""2"">洗濯表示</font></td>
    <td width=""70%"" valign=""middle"" style=""border: 1px solid black;"">
<img src=""http://image.rakuten.co.jp/guy0084/cabinet/parts/laundry09.gif"" width=""43"" height=""43"" />
<img src=""http://image.rakuten.co.jp/guy0084/cabinet/parts/laundry02.gif"" width=""43"" height=""43"" />
<img src=""http://image.rakuten.co.jp/guy0084/cabinet/parts/laundry03.gif"" width=""43"" height=""43"" />
<img src=""http://image.rakuten.co.jp/guy0084/cabinet/parts/laundry08.gif"" width=""43"" height=""43"" />
<img src=""http://image.rakuten.co.jp/guy0084/cabinet/parts/laundry00.gif"" width=""43"" height=""43"" />

</td>
  </tr>
  <tr>
    <td colspan=""2"" bgcolor=""#ede4cd"" style=""border: 1px solid black;"" height=""8""><font size=""2"">【Key Word】</font></td>
  </tr>
  <tr>
    <td style=""border: 1px solid black;"" colspan=""2""><font size=""2"">スラックス（ズボン）、1タック、MEN'S（メンズ）<br>ゴルフ、会合、婚活、寄り合い、旅行</font></td>
  </tr>
  <tr>
    <td colspan=""2"" bgcolor=""#ede4cd"" style=""border: 1px solid black;"" height=""8""><font size=""2"">ギフト包装、プレゼント包装、のし対応</font></td>
  </tr>
  <tr>
    <td style=""border: 1px solid black;"" colspan=""2""><font size=""2"">お誕生日、昇進祝い、内祝い、バレンタインデー、クリスマス<br>入学祝い、卒業祝い、就職祝い、成人式<br>父の日、敬老の日 等　各種承っております。</font></td>
  </tr>
  <tr>
    <td colspan=""2"" bgcolor=""#000000"" style=""border: 1px solid black;"" height=""8""><font size=""2"" color=""white"">必ずお読みください</font></td>
  </tr>
  <tr>
    <td style=""border: 1px solid black;"" colspan=""2""><font size=""2"">ご使用のモニターによって、商品画像の色が<br>
            異なって見えることがあります。<br>
            あらかじめ、ご了承頂きますよう、お願い申し上げます。<br>
            ご購入の際は、表記カラーをご確認の上<br>
            お買い求めください。<br><br>実店舗での販売も行っている為、<br>ご注文頂いたタイミングによって在庫が無い場合もございます。<br>その際は、メール等でご連絡させて頂きます。<br>ご了承くださいませ。<br><br>
    商品についての詳細はメールor直接店舗の方に<br>お電話下さい。</font></td>
  </tr>
  <tr>
    <td style=""border: 1px solid black;"" colspan=""2""><font size=""2"">ご購入前にサイズ表を必ずご確認ください。<br />
      サイズ表はコチラ</font><br><font size=""-2"">Copyright(C) メンズショップ ガイ All rights reserved.</font></td>
  </tr>
<tr><td style=""border: 1px solid black;"" colspan=""2"" align=""right""><font size=""2"">2012/11/23【入荷】</font></td></tr>
</table>
</center><div align=""center"">

<div align=""center"">
     <img src=""https://image.rakuten.co.jp/guy0084/cabinet/campaign/0506_mara_1000.gif"" alt=""1000円クーポンプレゼント"" width=""616"" height=""120"" border=""0""><br><br>
<img src=""https://image.rakuten.co.jp/guy0084/cabinet/campaign/0506_mara_500.gif"" alt=""500円クーポンプレゼント"" width=""616"" height=""120"" border=""0""><br><br>
<img src=""https://image.rakuten.co.jp/guy0084/cabinet/campaign/0506_mara_300.gif"" alt=""300円クーポンプレゼント"" width=""616"" height=""120"" border=""0""><br><br>
<img src=""https://image.rakuten.co.jp/guy0084/cabinet/campaign/0519_social_cupon.jpg"" alt=""200円クーポンプレゼント"" width=""616"" height=""120"" border=""0""><br><br>
</div>
<p>
<img src=""http://image.rakuten.co.jp/guy0084/cabinet/campaign/cool-sp2016_01-n.jpg"" alt=""クール仕立て"" width=""616"" height=""120"" border=""0"">
</p>
<img src=""http://image.rakuten.co.jp/guy0084/cabinet/parts/welcome-600.gif"" alt=""ご来店ありがとうございます"" width=""600"" height=""30"" border=""0"">
<br><img src=""http://www.rakuten.ne.jp/gold/guy0084/parts/space.gif"" width=""5"" height=""5"" alt=""""><br>
<!--GoQSystemランキング自動更新ツールワイド-->
<table align=""center"" width=""600"" border=""0"" cellpadding=""0"" cellspacing=""0"" bgcolor=""#FFFFFF"">
<tr>
<td>
<table align=""center"" width=""600"" border=""0"" cellpadding=""0"" cellspacing=""0"" bgcolor=""#FFFFFF"">
<tr>
<td align=""center"" valign=""bottom"" bgcolor=""#cccccc""><img src=""http://www.rakuten.ne.jp/gold/guy0084/goqsystem/600rankingtitel.gif"" width=""600"" /></td>
</tr>
</table>
<table align=""center"" width=""596"" border=""0"" cellpadding=""0"" cellspacing=""0"" bgcolor=""#CCCCCC"" style=""border-left:solid;border-left-width:1px;border-right:solid;border-right-width:1px;border-bottom:solid;border-bottom-width:1px;border-color:#CCCCCC;"">
<tr>
<td align=""center"" bgcolor=""#FFFFFF"">
<div class=""ifrm-container"" style=""width:598px;height:460px;overflow:auto;-webkit-overflow-scrolling:touch;"">

</div>
</td>
</tr>
<tr>
<td align=""right"" bgcolor=""#FFFFFF"" style=""padding:2px;"">
<img src=""http://www.rakuten.ne.jp/gold/guy0084/goqsystem/powered_by_banner.gif"" width=""125"" />
</td>
</tr>
</table>
</td>
</tr>
</table>
<!--GoQSystemランキング自動更新ツールワイド-->
</div>",【最終バーゲン】Agis M＆R【エィジス エムアンドアール】ウールスラックス【ライトグレー】【SALL】【お取り寄せ】【auktn_50off】【2012/11/23】【楽天ランキング】【父の日】：オーダースーツ ＧＵＹ0084,オーダースーツオーダーシャツドレスシャツレディースオーダーシャツ【最終バーゲン】Agis M＆R【エィジス エムアンドアール】ウールスラックス【ライトグレー】【SALL】【お取り寄せ】【auktn_50off】【2012/11/23】【楽天ランキング】【父の日】,【秋冬物】【送料無料】。【最終バーゲン】Agis M＆R【エィジス エムアンドアール】ウールスラックス【ライトグレー】【SALL】【お取り寄せ】【auktn_50off】【2012/11/23】【楽天ランキング】【父の日】[rn]
13-87903,http://tshop.r10s.jp/guy0084/cabinet/off-img/slacks/02213-b_m.jpg?fitin=700:700,5511.2000,,メンズファッション > ズボン・パンツ,Agis M＆R【エィジス エムアンドアール】ツータックスラックス【ライトグレーブラックストライプ】【お取り寄せ】【2015/5/2】【楽天ランキング】【父の日】,【春夏物】【送料無料】,"<!--QRコード-->
<center>
<table width=""355"" border=""0"" cellspacing=""0"" cellpadding=""0"">
<tr>
    <td colspan=""2"" align=""center""><font size=""2"" color=""#800000""><!-- 携帯ポイント企画 --></font><br>
<img src=""http://image.rakuten.co.jp/guy0084/cabinet/parts/souryou_bn01.gif"" alt=""送料のご案内"" width=""410"" height=""80"" border=""0""><br><font size=""2"">発送からのお届け予定日時間帯</font></td>
    </tr>
  <tr>
    <td align=""center""><img src=""http://image.rakuten.co.jp/guy0084/cabinet/parts/mobile-cart.gif"" alt=""携帯から注文する"" width=""215"" height=""100"" border=""0"" /></td>
    <td align=""center""><img src=""http://image.rakuten.co.jp/guy0084/cabinet/qr-code-001/02213-b.jpg"" alt=""携帯へアクセス"" width=""111"" height=""111"" border=""0""></td>
  </tr>
  </table>
</center>
<!--QRコードend-->
<!--ギフトアイコン-->
<center>
<table border=""0"" cellspacing=""0"" cellpadding=""2"">
<tr>
<td valign=""middle"" nowrap><font size=""-1"">ギフト対応<br>
  詳しくはコチラ</font></td>
<td valign=""baseline"">
<img src=""http://image.rakuten.co.jp/guy0084/cabinet/parts/icon_wrapping.gif"" alt=""ラッピング対応"" width=""100"" height=""21"" hspace=""1"">
<img src=""http://image.rakuten.co.jp/guy0084/cabinet/parts/icon_noshi.gif"" alt=""のし対応"" width=""100"" height=""21"" hspace=""1"">
<img src=""http://image.rakuten.co.jp/guy0084/cabinet/parts/icon_noshi_kimei.gif"" alt=""のし記名可"" width=""100"" height=""21"" hspace=""1""></td>
</tr>
</table>
<br><img src=""http://www.rakuten.ne.jp/gold/guy0084/parts/space.gif"" width=""1"" height=""10"" alt="""" /><br>
</center>
<!--ギフトアイコンend-->
<center><!--イベント用-->
<table  width=""355"" border=""3"" bordercolor=""#1F0B09"" frame=""box"">
  <tr>
    <td width=""30%""  align=""center"" valign=""middle"" style=""border: 1px solid black;""><font size=""2"">ブランド</font></td>
    <td style=""border: 1px solid black;"" width=""70%""><font size=""2"">Agis M&R【エィジス エムアンドアール】</font></td>
  </tr>
  <tr>
    <td width=""30%"" height=""8"" align=""center"" style=""border: 1px solid black;""><font size=""2"">サイズ</font></td>
    <td style=""border: 1px solid black;"" width=""70%""><font size=""2"">85、88</font></td>
  </tr>
  <tr>
    <td width=""30%"" align=""center"" valign=""middle"" style=""border: 1px solid black;""><font size=""2"">素材</font></td>
    <td style=""border: 1px solid black;"" width=""70%""><font size=""2"">ポリエステル：100％</font></td>
  </tr>
  <tr>
    <td width=""30%"" align=""center"" valign=""middle"" style=""border: 1px solid black;""><font size=""2"">カラー</font></td>
    <td style=""border: 1px solid black;"" width=""70%""><font size=""2"">ライトグレーブラックストライプ</font></td>
  </tr>
  <tr>
    <td width=""30%"" align=""center"" valign=""middle"" style=""border: 1px solid black;""><font size=""2"">スタイル</font></td>
    <td style=""border: 1px solid black;"" width=""70%""><font size=""2"">ワイシャツ、カッターシャツ<br>ドレスシャツ、ビジネススタイル<br>オフィススタイル、パーティ<br>入学式、卒業式、２次会</font></td>
  </tr>
  <tr>
    <td width=""30%"" align=""center"" valign=""middle"" style=""border: 1px solid black;""><font size=""2"">洗濯表示</font></td>
    <td width=""70%"" valign=""middle"" style=""border: 1px solid black;"">
<img src=""http://image.rakuten.co.jp/guy0084/cabinet/parts/laundry20.gif"" width=""43"" height=""43"" />
<img src=""http://image.rakuten.co.jp/guy0084/cabinet/parts/laundry02.gif"" width=""43"" height=""43"" />
<img src=""http://image.rakuten.co.jp/guy0084/cabinet/parts/laundry03.gif"" width=""43"" height=""43"" /><br>
<img src=""http://image.rakuten.co.jp/guy0084/cabinet/parts/laundry10.gif"" width=""43"" height=""43"" />
<img src=""http://image.rakuten.co.jp/guy0084/cabinet/parts/laundry06.gif"" width=""43"" height=""43"" />
<img src=""http://image.rakuten.co.jp/guy0084/cabinet/parts/laundry01.gif"" width=""43"" height=""43"" /><br>
<font size=""2"">タンブラー乾燥は避けて下さい。<br>漂白剤は使用しないで下さい。</font>
</td>
  </tr>
  <tr>
    <td colspan=""2"" bgcolor=""#ede4cd"" style=""border: 1px solid black;"" height=""8""><font size=""2"">【Key Word】</font></td>
  </tr>
  <tr>
    <td style=""border: 1px solid black;"" colspan=""2""><font size=""2"">ツータック、MEN'S（メンズ）ゴルフ、会合、婚活、寄り合い、旅行</font></td>
  </tr>
  <tr>
    <td colspan=""2"" bgcolor=""#ede4cd"" style=""border: 1px solid black;"" height=""8""><font size=""2"">ギフト包装、プレゼント包装、のし対応</font></td>
  </tr>
    <tr>
    <td style=""border: 1px solid black;"" colspan=""2""><font size=""2"">お誕生日、昇進祝い、内祝い、バレンタインデー、クリスマス<br>入学祝い、卒業祝い、就職祝い、成人式<br>父の日、敬老の日 等　各種承っております。</font></td>
  </tr>
  <tr>
    <td colspan=""2"" style=""border: 1px solid black;"" bgcolor=""#990000"" height=""8""><font color=""#FFFFFF"" size=""2"">【注意事項】</font></td>
  </tr>
  <tr>
    <td style=""border: 1px solid black;"" colspan=""2""><font size=""2"">コチラの商品は一部メーカー取り寄せ商品の為、<br>発送に５営業日かかる場合がございます。<br><br>在庫の管理には万全を期しておりますが、メーカーでの<br>在庫状況（完売）により、ご注文を変更またはキャンセル<br>させて頂く場合がございます事を予めご了承くださいませ。</font></td>
  </tr> 
  <tr>
    <td colspan=""2"" bgcolor=""#000000"" style=""border: 1px solid black;"" height=""8""><font size=""2"" color=""white"">必ずお読みください</font></td>
  </tr>
  <tr>
    <td style=""border: 1px solid black;"" colspan=""2""><font size=""2"">ご使用のモニターによって、商品画像の色が<br>
            異なって見えることがあります。<br>
            あらかじめ、ご了承頂きますよう、お願い申し上げます。<br>
            ご購入の際は、表記カラーをご確認の上<br>
            お買い求めください。<br><br>実店舗での販売も行っている為、<br>ご注文頂いたタイミングによって在庫が無い場合もございます。<br>その際は、メール等でご連絡させて頂きます。<br>ご了承くださいませ。<br><br>
    商品についての詳細はメールor直接店舗の方に<br>お電話下さい。</font></td>
  </tr>
  <tr>
    <td style=""border: 1px solid black;"" colspan=""2""><font size=""2"">ご購入前にサイズ表を必ずご確認ください。<br />
      サイズ表はコチラ</font><br><font size=""-2"">Copyright(C) メンズショップ ガイ All rights reserved.</font></td>
  </tr>
<tr><td style=""border: 1px solid black;"" colspan=""2"" align=""right""><font size=""2"">2015/5/2【再入荷】</font></td></tr>
</table>
</center><div align=""center"">

<div align=""center"">
     <img src=""https://image.rakuten.co.jp/guy0084/cabinet/campaign/0506_mara_1000.gif"" alt=""1000円クーポンプレゼント"" width=""616"" height=""120"" border=""0""><br><br>
<img src=""https://image.rakuten.co.jp/guy0084/cabinet/campaign/0506_mara_500.gif"" alt=""500円クーポンプレゼント"" width=""616"" height=""120"" border=""0""><br><br>
<img src=""https://image.rakuten.co.jp/guy0084/cabinet/campaign/0506_mara_300.gif"" alt=""300円クーポンプレゼント"" width=""616"" height=""120"" border=""0""><br><br>
<img src=""https://image.rakuten.co.jp/guy0084/cabinet/campaign/0519_social_cupon.jpg"" alt=""200円クーポンプレゼント"" width=""616"" height=""120"" border=""0""><br><br>
</div>
<p>
<img src=""http://image.rakuten.co.jp/guy0084/cabinet/campaign/cool-sp2016_01-n.jpg"" alt=""クール仕立て"" width=""616"" height=""120"" border=""0"">
</p>
<img src=""http://image.rakuten.co.jp/guy0084/cabinet/parts/welcome-600.gif"" alt=""ご来店ありがとうございます"" width=""600"" height=""30"" border=""0"">
<br><img src=""http://www.rakuten.ne.jp/gold/guy0084/parts/space.gif"" width=""5"" height=""5"" alt=""""><br>
<!--GoQSystemランキング自動更新ツールワイド-->
<table align=""center"" width=""600"" border=""0"" cellpadding=""0"" cellspacing=""0"" bgcolor=""#FFFFFF"">
<tr>
<td>
<table align=""center"" width=""600"" border=""0"" cellpadding=""0"" cellspacing=""0"" bgcolor=""#FFFFFF"">
<tr>
<td align=""center"" valign=""bottom"" bgcolor=""#cccccc""><img src=""http://www.rakuten.ne.jp/gold/guy0084/goqsystem/600rankingtitel.gif"" width=""600"" /></td>
</tr>
</table>
<table align=""center"" width=""596"" border=""0"" cellpadding=""0"" cellspacing=""0"" bgcolor=""#CCCCCC"" style=""border-left:solid;border-left-width:1px;border-right:solid;border-right-width:1px;border-bottom:solid;border-bottom-width:1px;border-color:#CCCCCC;"">
<tr>
<td align=""center"" bgcolor=""#FFFFFF"">
<div class=""ifrm-container"" style=""width:598px;height:460px;overflow:auto;-webkit-overflow-scrolling:touch;"">

</div>
</td>
</tr>
<tr>
<td align=""right"" bgcolor=""#FFFFFF"" style=""padding:2px;"">
<img src=""http://www.rakuten.ne.jp/gold/guy0084/goqsystem/powered_by_banner.gif"" width=""125"" />
</td>
</tr>
</table>
</td>
</tr>
</table>
<!--GoQSystemランキング自動更新ツールワイド-->
</div>",Agis M＆R【エィジス エムアンドアール】ツータックスラックス【ライトグレーブラックストライプ】【お取り寄せ】【2015/5/2】【楽天ランキング】【父の日】：オーダースーツ ＧＵＹ0084,オーダースーツオーダーシャツドレスシャツレディースオーダーシャツAgis M＆R【エィジス エムアンドアール】ツータックスラックス【ライトグレーブラックストライプ】【お取り寄せ】【2015/5/2】【楽天ランキング】【父の日】,【春夏物】【送料無料】。Agis M＆R【エィジス エムアンドアール】ツータックスラックス【ライトグレーブラックストライプ】【お取り寄せ】【2015/5/2】【楽天ランキング】【父の日】[rn]
13-87904,http://tshop.r10s.jp/guy0084/cabinet/pants/13-10117-a_m.jpg?fitin=700:700,5511.2000,,メンズファッション > ズボン・パンツ,【最終バーゲン】Agis M＆R【エィジス エムアンドアール】ポリエステルスラックス【ネイビー】【SALL】【auktn_50off】【2014/9/13】【楽天ランキング】【お取り寄せ】【父の日】,【秋冬物】【送料無料】,"<!--QRコード-->
<center>
<table width=""355"" border=""0"" cellspacing=""0"" cellpadding=""0"">
<tr>
    <td colspan=""2"" align=""center""><font size=""2"" color=""#800000""><!-- 携帯ポイント企画 --></font><br>
<img src=""http://image.rakuten.co.jp/guy0084/cabinet/parts/souryou_bn01.gif"" alt=""送料のご案内"" width=""410"" height=""80"" border=""0""><br><font size=""2"">発送からのお届け予定日時間帯</font></td>
    </tr>
  <tr>
    <td align=""center""><img src=""http://image.rakuten.co.jp/guy0084/cabinet/parts/mobile-cart.gif"" alt=""携帯から注文する"" width=""215"" height=""100"" border=""0"" /></td>
    <td align=""center""><img src=""http://image.rakuten.co.jp/guy0084/cabinet/qr-code-001/13-10117-a.jpg"" alt=""携帯へアクセス"" width=""111"" height=""111"" border=""0""></td>
  </tr>
  </table>
</center>
<!--QRコードend-->
<!--ギフトアイコン-->
<center>
<table border=""0"" cellspacing=""0"" cellpadding=""2"">
<tr>
<td valign=""middle"" nowrap><font size=""-1"">ギフト対応<br>
  詳しくはコチラ</font></td>
<td valign=""baseline"">
<img src=""http://image.rakuten.co.jp/guy0084/cabinet/parts/icon_wrapping.gif"" alt=""ラッピング対応"" width=""100"" height=""21"" hspace=""1"">
<img src=""http://image.rakuten.co.jp/guy0084/cabinet/parts/icon_noshi.gif"" alt=""のし対応"" width=""100"" height=""21"" hspace=""1"">
<img src=""http://image.rakuten.co.jp/guy0084/cabinet/parts/icon_noshi_kimei.gif"" alt=""のし記名可"" width=""100"" height=""21"" hspace=""1""></td>
</tr>
</table>
<br><img src=""http://www.rakuten.ne.jp/gold/guy0084/parts/space.gif"" width=""1"" height=""10"" alt="""" /><br>
</center>
<!--ギフトアイコンend-->
<center><!--イベント-->
<img src=""http://www.rakuten.ne.jp/gold/guy0084/parts/space.gif"" width=""1"" height=""5"" alt=""""><br>

<table  width=""355"" border=""3"" bordercolor=""#1F0B09"" frame=""box"">
  <tr>
    <td width=""30%""  align=""center"" valign=""middle"" style=""border: 1px solid black;""><font size=""2"">ブランド</font></td>
    <td style=""border: 1px solid black;"" width=""70%""><font size=""2"">Agis M&R【エィジス エムアンドアール】</font></td>
  </tr>
  <tr>
    <td width=""30%"" height=""8"" align=""center"" style=""border: 1px solid black;""><font size=""2"">サイズ</font></td>
    <td style=""border: 1px solid black;"" width=""70%""><font size=""2"">79、82、88、91、97、100</font></td>
  </tr>
  <tr>
    <td width=""30%"" align=""center"" valign=""middle"" style=""border: 1px solid black;""><font size=""2"">素材</font></td>
    <td style=""border: 1px solid black;"" width=""70%""><font size=""2"">表　ポリエステル100％</font></td>
  </tr>
  <tr>
    <td width=""30%"" align=""center"" valign=""middle"" style=""border: 1px solid black;""><font size=""2"">カラー</font></td>
    <td style=""border: 1px solid black;"" width=""70%""><font size=""2"">ネイビー</font></td>
  </tr>
  <tr>
    <td width=""30%"" align=""center"" valign=""middle"" style=""border: 1px solid black;""><font size=""2"">スタイル</font></td>
    <td style=""border: 1px solid black;"" width=""70%""><font size=""2"">ジャケット（ブレザー）、ブルゾン（ジャンバー）<br>ワイシャツ、カッターシャツ<br>ドレスシャツ、ビジネススタイル<br>スーツスタイル、オフィススタイル<br>パーティ、クリスマス、<br>婚活、結婚式、披露宴、２次会</font></td>
  </tr>
  <tr>
    <td width=""30%"" align=""center"" valign=""middle"" style=""border: 1px solid black;""><font size=""2"">洗濯表示</font></td>
    <td width=""70%"" valign=""middle"" style=""border: 1px solid black;"">
<img src=""http://image.rakuten.co.jp/guy0084/cabinet/parts/laundry04.gif"" width=""43"" height=""43"" />
<img src=""http://image.rakuten.co.jp/guy0084/cabinet/parts/laundry02.gif"" width=""43"" height=""43"" />
<img src=""http://image.rakuten.co.jp/guy0084/cabinet/parts/laundry03.gif"" width=""43"" height=""43"" />
<img src=""http://image.rakuten.co.jp/guy0084/cabinet/parts/laundry08.gif"" width=""43"" height=""43"" />
<img src=""http://image.rakuten.co.jp/guy0084/cabinet/parts/laundry00.gif"" width=""43"" height=""43"" />

</td>
  </tr>
  <tr>
    <td colspan=""2"" bgcolor=""#ede4cd"" style=""border: 1px solid black;"" height=""8""><font size=""2"">【Key Word】</font></td>
  </tr>
  <tr>
    <td style=""border: 1px solid black;"" colspan=""2""><font size=""2"">スラックス（ズボン）、2タック、MEN'S（メンズ）<br>ゴルフ、会合、婚活、寄り合い、旅行</font></td>
  </tr>
  <tr>
    <td colspan=""2"" bgcolor=""#ede4cd"" style=""border: 1px solid black;"" height=""8""><font size=""2"">ギフト包装、プレゼント包装、のし対応</font></td>
  </tr>
  <tr>
    <td style=""border: 1px solid black;"" colspan=""2""><font size=""2"">お誕生日、昇進祝い、内祝い、バレンタインデー、クリスマス<br>入学祝い、卒業祝い、就職祝い、成人式<br>父の日、敬老の日 等　各種承っております。</font></td>
  </tr>
  <tr>
    <td colspan=""2"" bgcolor=""#000000"" style=""border: 1px solid black;"" height=""8""><font size=""2"" color=""white"">必ずお読みください</font></td>
  </tr>
  <tr>
    <td style=""border: 1px solid black;"" colspan=""2""><font size=""2"">ご使用のモニターによって、商品画像の色が<br>
            異なって見えることがあります。<br>
            あらかじめ、ご了承頂きますよう、お願い申し上げます。<br>
            ご購入の際は、表記カラーをご確認の上<br>
            お買い求めください。<br><br>実店舗での販売も行っている為、<br>ご注文頂いたタイミングによって在庫が無い場合もございます。<br>その際は、メール等でご連絡させて頂きます。<br>ご了承くださいませ。<br><br>
    商品についての詳細はメールor直接店舗の方に<br>お電話下さい。</font></td>
  </tr>
  <tr>
    <td style=""border: 1px solid black;"" colspan=""2""><font size=""2"">ご購入前にサイズ表を必ずご確認ください。<br />
      サイズ表はコチラ</font><br><font size=""-2"">Copyright(C) メンズショップ ガイ All rights reserved.</font></td>
  </tr>
<tr><td style=""border: 1px solid black;"" colspan=""2"" align=""right""><font size=""2"">2014/9/13【再入荷】</font></td></tr>
</table>
</center><div align=""center"">

<div align=""center"">
     <img src=""https://image.rakuten.co.jp/guy0084/cabinet/campaign/0506_mara_1000.gif"" alt=""1000円クーポンプレゼント"" width=""616"" height=""120"" border=""0""><br><br>
<img src=""https://image.rakuten.co.jp/guy0084/cabinet/campaign/0506_mara_500.gif"" alt=""500円クーポンプレゼント"" width=""616"" height=""120"" border=""0""><br><br>
<img src=""https://image.rakuten.co.jp/guy0084/cabinet/campaign/0506_mara_300.gif"" alt=""300円クーポンプレゼント"" width=""616"" height=""120"" border=""0""><br><br>
<img src=""https://image.rakuten.co.jp/guy0084/cabinet/campaign/0519_social_cupon.jpg"" alt=""200円クーポンプレゼント"" width=""616"" height=""120"" border=""0""><br><br>
</div>
<p>
<img src=""http://image.rakuten.co.jp/guy0084/cabinet/campaign/cool-sp2016_01-n.jpg"" alt=""クール仕立て"" width=""616"" height=""120"" border=""0"">
</p>
<img src=""http://image.rakuten.co.jp/guy0084/cabinet/parts/welcome-600.gif"" alt=""ご来店ありがとうございます"" width=""600"" height=""30"" border=""0"">
<br><img src=""http://www.rakuten.ne.jp/gold/guy0084/parts/space.gif"" width=""5"" height=""5"" alt=""""><br>
<!--GoQSystemランキング自動更新ツールワイド-->
<table align=""center"" width=""600"" border=""0"" cellpadding=""0"" cellspacing=""0"" bgcolor=""#FFFFFF"">
<tr>
<td>
<table align=""center"" width=""600"" border=""0"" cellpadding=""0"" cellspacing=""0"" bgcolor=""#FFFFFF"">
<tr>
<td align=""center"" valign=""bottom"" bgcolor=""#cccccc""><img src=""http://www.rakuten.ne.jp/gold/guy0084/goqsystem/600rankingtitel.gif"" width=""600"" /></td>
</tr>
</table>
<table align=""center"" width=""596"" border=""0"" cellpadding=""0"" cellspacing=""0"" bgcolor=""#CCCCCC"" style=""border-left:solid;border-left-width:1px;border-right:solid;border-right-width:1px;border-bottom:solid;border-bottom-width:1px;border-color:#CCCCCC;"">
<tr>
<td align=""center"" bgcolor=""#FFFFFF"">
<div class=""ifrm-container"" style=""width:598px;height:460px;overflow:auto;-webkit-overflow-scrolling:touch;"">

</div>
</td>
</tr>
<tr>
<td align=""right"" bgcolor=""#FFFFFF"" style=""padding:2px;"">
<img src=""http://www.rakuten.ne.jp/gold/guy0084/goqsystem/powered_by_banner.gif"" width=""125"" />
</td>
</tr>
</table>
</td>
</tr>
</table>
<!--GoQSystemランキング自動更新ツールワイド-->
</div>",【最終バーゲン】Agis M＆R【エィジス エムアンドアール】ポリエステルスラックス【ネイビー】【SALL】【auktn_50off】【2014/9/13】【楽天ランキング】【お取り寄せ】【父の日】：オーダースーツ ＧＵＹ0084,オーダースーツオーダーシャツドレスシャツレディースオーダーシャツ【最終バーゲン】Agis M＆R【エィジス エムアンドアール】ポリエステルスラックス【ネイビー】【SALL】【auktn_50off】【2014/9/13】【楽天ランキング】【お取り寄せ】【父の日】,【秋冬物】【送料無料】。【最終バーゲン】Agis M＆R【エィジス エムアンドアール】ポリエステルスラックス【ネイビー】【SALL】【auktn_50off】【2014/9/13】【楽天ランキング】【お取り寄せ】【父の日】[rn]
13-87905,http://tshop.r10s.jp/guy0084/cabinet/pants/13-51217-b_m.jpg?fitin=700:700,5881.6000,,メンズファッション > ズボン・パンツ,【最終バーゲン】Agis M＆R【エィジス エムアンドアール】ウール混ポリエステルスラックス【SALL】【auktn_50off】【2014/9/13】【お取り寄せ】【楽天ランキング】【父の日】,【秋冬物】【送料無料】,"<!--QRコード-->
<center>
<table width=""355"" border=""0"" cellspacing=""0"" cellpadding=""0"">
<tr>
    <td colspan=""2"" align=""center""><font size=""2"" color=""#800000""><!-- 携帯ポイント企画 --></font><br>
<img src=""http://image.rakuten.co.jp/guy0084/cabinet/parts/souryou_bn01.gif"" alt=""送料のご案内"" width=""410"" height=""80"" border=""0""><br><font size=""2"">発送からのお届け予定日時間帯</font></td>
    </tr>
  <tr>
    <td align=""center""><img src=""http://image.rakuten.co.jp/guy0084/cabinet/parts/mobile-cart.gif"" alt=""携帯から注文する"" width=""215"" height=""100"" border=""0"" /></td>
    <td align=""center""><img src=""http://image.rakuten.co.jp/guy0084/cabinet/qr-code-002/13-51217-b.jpg"" alt=""携帯へアクセス"" width=""111"" height=""111"" border=""0""></td>
  </tr>
  </table>
</center>
<!--QRコードend-->
<!--ギフトアイコン-->
<center>
<table border=""0"" cellspacing=""0"" cellpadding=""2"">
<tr>
<td valign=""middle"" nowrap><font size=""-1"">ギフト対応<br>
  詳しくはコチラ</font></td>
<td valign=""baseline"">
<img src=""http://image.rakuten.co.jp/guy0084/cabinet/parts/icon_wrapping.gif"" alt=""ラッピング対応"" width=""100"" height=""21"" hspace=""1"">
<img src=""http://image.rakuten.co.jp/guy0084/cabinet/parts/icon_noshi.gif"" alt=""のし対応"" width=""100"" height=""21"" hspace=""1"">
<img src=""http://image.rakuten.co.jp/guy0084/cabinet/parts/icon_noshi_kimei.gif"" alt=""のし記名可"" width=""100"" height=""21"" hspace=""1""></td>
</tr>
</table>
<br><img src=""http://www.rakuten.ne.jp/gold/guy0084/parts/space.gif"" width=""1"" height=""10"" alt="""" /><br>
</center>
<!--ギフトアイコンend-->
<center><!--イベント-->
<img src=""http://www.rakuten.ne.jp/gold/guy0084/parts/space.gif"" width=""1"" height=""5"" alt=""""><br>

<table  width=""355"" border=""3"" bordercolor=""#1F0B09"" frame=""box"">
  <tr>
    <td width=""30%""  align=""center"" valign=""middle"" style=""border: 1px solid black;""><font size=""2"">ブランド</font></td>
    <td style=""border: 1px solid black;"" width=""70%""><font size=""2"">Agis M&R【エィジス エムアンドアール】</font></td>
  </tr>
  <tr>
    <td width=""30%"" height=""8"" align=""center"" style=""border: 1px solid black;""><font size=""2"">サイズ</font></td>
    <td style=""border: 1px solid black;"" width=""70%""><font size=""2"">82、85、88、91</font></td>
  </tr>
  <tr>
    <td width=""30%"" align=""center"" valign=""middle"" style=""border: 1px solid black;""><font size=""2"">素材</font></td>
    <td style=""border: 1px solid black;"" width=""70%""><font size=""2"">表　ポリエステル70％ 毛30％</font></td>
  </tr>
  <tr>
    <td width=""30%"" align=""center"" valign=""middle"" style=""border: 1px solid black;""><font size=""2"">カラー</font></td>
    <td style=""border: 1px solid black;"" width=""70%""><font size=""2"">グレー/サックス<br>ストライプ</font></td>
  </tr>
  <tr>
    <td width=""30%"" align=""center"" valign=""middle"" style=""border: 1px solid black;""><font size=""2"">スタイル</font></td>
    <td style=""border: 1px solid black;"" width=""70%""><font size=""2"">ジャケット（ブレザー）、ブルゾン（ジャンバー）<br>ワイシャツ、カッターシャツ<br>ドレスシャツ、ビジネススタイル<br>スーツスタイル、オフィススタイル<br>パーティ、クリスマス、<br>婚活、結婚式、披露宴、２次会</font></td>
  </tr>
  <tr>
    <td width=""30%"" align=""center"" valign=""middle"" style=""border: 1px solid black;""><font size=""2"">洗濯表示</font></td>
    <td width=""70%"" valign=""middle"" style=""border: 1px solid black;"">
<img src=""http://image.rakuten.co.jp/guy0084/cabinet/parts/laundry18.gif"" width=""43"" height=""43"" />
<img src=""http://image.rakuten.co.jp/guy0084/cabinet/parts/laundry02.gif"" width=""43"" height=""43"" />
<img src=""http://image.rakuten.co.jp/guy0084/cabinet/parts/laundry14.gif"" width=""43"" height=""43"" />
<img src=""http://image.rakuten.co.jp/guy0084/cabinet/parts/laundry10.gif"" width=""43"" height=""43"" />
<img src=""http://image.rakuten.co.jp/guy0084/cabinet/parts/laundry06.gif"" width=""43"" height=""43"" />
<img src=""http://image.rakuten.co.jp/guy0084/cabinet/parts/laundry01.gif"" width=""43"" height=""43"" />
</td>
  </tr>
  <tr>
    <td colspan=""2"" bgcolor=""#ede4cd"" style=""border: 1px solid black;"" height=""8""><font size=""2"">【Key Word】</font></td>
  </tr>
  <tr>
    <td style=""border: 1px solid black;"" colspan=""2""><font size=""2"">スラックス（ズボン）、1タック、MEN'S（メンズ）<br>ゴルフ、会合、婚活、寄り合い、旅行<br>ひざ当て付</font></td>
  </tr>
  <tr>
    <td colspan=""2"" bgcolor=""#ede4cd"" style=""border: 1px solid black;"" height=""8""><font size=""2"">ギフト包装、プレゼント包装、のし対応</font></td>
  </tr>
  <tr>
    <td style=""border: 1px solid black;"" colspan=""2""><font size=""2"">お誕生日、昇進祝い、内祝い、バレンタインデー、クリスマス<br>入学祝い、卒業祝い、就職祝い、成人式<br>父の日、敬老の日 等　各種承っております。</font></td>
  </tr>
  <tr>
    <td colspan=""2"" bgcolor=""#000000"" style=""border: 1px solid black;"" height=""8""><font size=""2"" color=""white"">必ずお読みください</font></td>
  </tr>
  <tr>
    <td style=""border: 1px solid black;"" colspan=""2""><font size=""2"">ご使用のモニターによって、商品画像の色が<br>
            異なって見えることがあります。<br>
            あらかじめ、ご了承頂きますよう、お願い申し上げます。<br>
            ご購入の際は、表記カラーをご確認の上<br>
            お買い求めください。<br><br>実店舗での販売も行っている為、<br>ご注文頂いたタイミングによって在庫が無い場合もございます。<br>その際は、メール等でご連絡させて頂きます。<br>ご了承くださいませ。<br><br>
    商品についての詳細はメールor直接店舗の方に<br>お電話下さい。</font></td>
  </tr>
  <tr>
    <td style=""border: 1px solid black;"" colspan=""2""><font size=""2"">ご購入前にサイズ表を必ずご確認ください。<br />
      サイズ表はコチラ</font><br><font size=""-2"">Copyright(C) メンズショップ ガイ All rights reserved.</font></td>
  </tr>
<tr><td style=""border: 1px solid black;"" colspan=""2"" align=""right""><font size=""2"">2014/9/13【再入荷】</font></td></tr>
</table>
</center><div align=""center"">

<div align=""center"">
     <img src=""https://image.rakuten.co.jp/guy0084/cabinet/campaign/0506_mara_1000.gif"" alt=""1000円クーポンプレゼント"" width=""616"" height=""120"" border=""0""><br><br>
<img src=""https://image.rakuten.co.jp/guy0084/cabinet/campaign/0506_mara_500.gif"" alt=""500円クーポンプレゼント"" width=""616"" height=""120"" border=""0""><br><br>
<img src=""https://image.rakuten.co.jp/guy0084/cabinet/campaign/0506_mara_300.gif"" alt=""300円クーポンプレゼント"" width=""616"" height=""120"" border=""0""><br><br>
<img src=""https://image.rakuten.co.jp/guy0084/cabinet/campaign/0519_social_cupon.jpg"" alt=""200円クーポンプレゼント"" width=""616"" height=""120"" border=""0""><br><br>
</div>
<p>
<img src=""http://image.rakuten.co.jp/guy0084/cabinet/campaign/cool-sp2016_01-n.jpg"" alt=""クール仕立て"" width=""616"" height=""120"" border=""0"">
</p>
<img src=""http://image.rakuten.co.jp/guy0084/cabinet/parts/welcome-600.gif"" alt=""ご来店ありがとうございます"" width=""600"" height=""30"" border=""0"">
<br><img src=""http://www.rakuten.ne.jp/gold/guy0084/parts/space.gif"" width=""5"" height=""5"" alt=""""><br>
<!--GoQSystemランキング自動更新ツールワイド-->
<table align=""center"" width=""600"" border=""0"" cellpadding=""0"" cellspacing=""0"" bgcolor=""#FFFFFF"">
<tr>
<td>
<table align=""center"" width=""600"" border=""0"" cellpadding=""0"" cellspacing=""0"" bgcolor=""#FFFFFF"">
<tr>
<td align=""center"" valign=""bottom"" bgcolor=""#cccccc""><img src=""http://www.rakuten.ne.jp/gold/guy0084/goqsystem/600rankingtitel.gif"" width=""600"" /></td>
</tr>
</table>
<table align=""center"" width=""596"" border=""0"" cellpadding=""0"" cellspacing=""0"" bgcolor=""#CCCCCC"" style=""border-left:solid;border-left-width:1px;border-right:solid;border-right-width:1px;border-bottom:solid;border-bottom-width:1px;border-color:#CCCCCC;"">
<tr>
<td align=""center"" bgcolor=""#FFFFFF"">
<div class=""ifrm-container"" style=""width:598px;height:460px;overflow:auto;-webkit-overflow-scrolling:touch;"">

</div>
</td>
</tr>
<tr>
<td align=""right"" bgcolor=""#FFFFFF"" style=""padding:2px;"">
<img src=""http://www.rakuten.ne.jp/gold/guy0084/goqsystem/powered_by_banner.gif"" width=""125"" />
</td>
</tr>
</table>
</td>
</tr>
</table>
<!--GoQSystemランキング自動更新ツールワイド-->
</div>",【最終バーゲン】Agis M＆R【エィジス エムアンドアール】ウール混ポリエステルスラックス【SALL】【auktn_50off】【2014/9/13】【お取り寄せ】【楽天ランキング】【父の日】：オーダースーツ ＧＵＹ0084,オーダースーツオーダーシャツドレスシャツレディースオーダーシャツ【最終バーゲン】Agis M＆R【エィジス エムアンドアール】ウール混ポリエステルスラックス【SALL】【auktn_50off】【2014/9/13】【お取り寄せ】【楽天ランキング】【父の日】,【秋冬物】【送料無料】。【最終バーゲン】Agis M＆R【エィジス エムアンドアール】ウール混ポリエステルスラックス【SALL】【auktn_50off】【2014/9/13】【お取り寄せ】【楽天ランキング】【父の日】[rn]
13-87906,http://tshop.r10s.jp/guy0084/cabinet/off-img/slacks/41-57216-31_m.jpg?fitin=700:700,7407.2000,,メンズファッション > ズボン・パンツ,PAGELO【パジェロ】ワンタックスラックス【ライトグレー】【お取り寄せ】【4s9w】【2014/5/29】【楽天ランキング】【父の日】,【春夏物】【送料無料】,"<!--QRコード-->
<center>
<table width=""355"" border=""0"" cellspacing=""0"" cellpadding=""0"">
<tr>
    <td colspan=""2"" align=""center""><font size=""2"" color=""#800000""><!-- 携帯ポイント企画 --></font><br>
<img src=""http://image.rakuten.co.jp/guy0084/cabinet/parts/souryou_bn01.gif"" alt=""送料のご案内"" width=""410"" height=""80"" border=""0""><br><font size=""2"">発送からのお届け予定日時間帯</font></td>
    </tr>
  <tr>
    <td align=""center""><img src=""http://image.rakuten.co.jp/guy0084/cabinet/parts/mobile-cart.gif"" alt=""携帯から注文する"" width=""215"" height=""100"" border=""0"" /></td>
    <td align=""center""><img src=""http://image.rakuten.co.jp/guy0084/cabinet/qr-code-001/41-57216-31.jpg"" alt=""携帯へアクセス"" width=""111"" height=""111"" border=""0""></td>
  </tr>
  </table>
</center>
<!--QRコードend-->
<!--ギフトアイコン-->
<center>
<table border=""0"" cellspacing=""0"" cellpadding=""2"">
<tr>
<td valign=""middle"" nowrap><font size=""-1"">ギフト対応<br>
  詳しくはコチラ</font></td>
<td valign=""baseline"">
<img src=""http://image.rakuten.co.jp/guy0084/cabinet/parts/icon_wrapping.gif"" alt=""ラッピング対応"" width=""100"" height=""21"" hspace=""1"">
<img src=""http://image.rakuten.co.jp/guy0084/cabinet/parts/icon_noshi.gif"" alt=""のし対応"" width=""100"" height=""21"" hspace=""1"">
<img src=""http://image.rakuten.co.jp/guy0084/cabinet/parts/icon_noshi_kimei.gif"" alt=""のし記名可"" width=""100"" height=""21"" hspace=""1""></td>
</tr>
</table>
<br><img src=""http://www.rakuten.ne.jp/gold/guy0084/parts/space.gif"" width=""1"" height=""10"" alt="""" /><br>
</center>
<!--ギフトアイコンend-->
<center><!--イベント用-->
<table  width=""355"" border=""3"" bordercolor=""#1F0B09"" frame=""box"">
  <tr>
    <td width=""30%""  align=""center"" valign=""middle"" style=""border: 1px solid black;""><font size=""2"">ブランド</font></td>
    <td style=""border: 1px solid black;"" width=""70%""><font size=""2"">PAGELO【パジェロ】<br>アンジェロ・ジャパン</font></td>
  </tr>
  <tr>
    <td width=""30%"" height=""8"" align=""center"" style=""border: 1px solid black;""><font size=""2"">サイズ</font></td>
    <td style=""border: 1px solid black;"" width=""70%""><font size=""2"">76、79、82、85、88、91、95、100、105</font></td>
  </tr>
  <tr>
    <td width=""30%"" align=""center"" valign=""middle"" style=""border: 1px solid black;""><font size=""2"">素材</font></td>
    <td style=""border: 1px solid black;"" width=""70%""><font size=""2"">ポリエステル：100％<br>Made in JAPAN【日本製】</font></td>
  </tr>
  <tr>
    <td width=""30%"" align=""center"" valign=""middle"" style=""border: 1px solid black;""><font size=""2"">カラー</font></td>
    <td style=""border: 1px solid black;"" width=""70%""><font size=""2"">ライトグレー</font></td>
  </tr>
  <tr>
    <td width=""30%"" align=""center"" valign=""middle"" style=""border: 1px solid black;""><font size=""2"">スタイル</font></td>
    <td style=""border: 1px solid black;"" width=""70%""><font size=""2"">Tシャツ、ロングTシャツ、ポロシャツ<br>トレーナー、ジャケット（ブレザー）<br>ブルゾン（ジャンバー）etc..</font></td>
  </tr>
  <tr>
    <td width=""30%"" align=""center"" valign=""middle"" style=""border: 1px solid black;""><font size=""2"">洗濯表示</font></td>
    <td width=""70%"" valign=""middle"" style=""border: 1px solid black;"">
<img src=""http://image.rakuten.co.jp/guy0084/cabinet/parts/laundry09.gif"" width=""43"" height=""43"" />
<img src=""http://image.rakuten.co.jp/guy0084/cabinet/parts/laundry02.gif"" width=""43"" height=""43"" />
<img src=""http://image.rakuten.co.jp/guy0084/cabinet/parts/laundry14.gif"" width=""43"" height=""43"" />
<img src=""http://image.rakuten.co.jp/guy0084/cabinet/parts/laundry10.gif"" width=""43"" height=""43"" />
<img src=""http://image.rakuten.co.jp/guy0084/cabinet/parts/laundry00.gif"" width=""43"" height=""43"" />

</td>
  </tr>
  <tr>
    <td colspan=""2"" bgcolor=""#ede4cd"" style=""border: 1px solid black;"" height=""8""><font size=""2"">【Key Word】</font></td>
  </tr>
  <tr>
    <td style=""border: 1px solid black;"" colspan=""2""><font size=""2"">ワンタック、MEN'S（メンズ）ゴルフ、会合、婚活、寄り合い、旅行</font></td>
  </tr>
  <tr>
    <td colspan=""2"" bgcolor=""#ede4cd"" style=""border: 1px solid black;"" height=""8""><font size=""2"">ギフト包装、プレゼント包装、のし対応</font></td>
  </tr>
    <tr>
    <td style=""border: 1px solid black;"" colspan=""2""><font size=""2"">お誕生日、昇進祝い、内祝い、バレンタインデー、クリスマス<br>入学祝い、卒業祝い、就職祝い、成人式<br>父の日、敬老の日 等　各種承っております。</font></td>
  </tr>
  <tr>
    <td colspan=""2"" style=""border: 1px solid black;"" bgcolor=""#990000"" height=""8""><font color=""#FFFFFF"" size=""2"">【注意事項】</font></td>
  </tr>
  <tr>
    <td style=""border: 1px solid black;"" colspan=""2""><font size=""2"">コチラの商品は一部メーカー取り寄せ商品の為、<br>発送に５営業日かかる場合がございます。<br><br>在庫の管理には万全を期しておりますが、メーカーでの<br>在庫状況（完売）により、ご注文を変更またはキャンセル<br>させて頂く場合がございます事を予めご了承くださいませ。</font></td>
  </tr> 
  <tr>
    <td colspan=""2"" bgcolor=""#000000"" style=""border: 1px solid black;"" height=""8""><font size=""2"" color=""white"">必ずお読みください</font></td>
  </tr>
  <tr>
    <td style=""border: 1px solid black;"" colspan=""2""><font size=""2"">ご使用のモニターによって、商品画像の色が<br>
            異なって見えることがあります。<br>
            あらかじめ、ご了承頂きますよう、お願い申し上げます。<br>
            ご購入の際は、表記カラーをご確認の上<br>
            お買い求めください。<br><br>実店舗での販売も行っている為、<br>ご注文頂いたタイミングによって在庫が無い場合もございます。<br>その際は、メール等でご連絡させて頂きます。<br>ご了承くださいませ。<br><br>
    商品についての詳細はメールor直接店舗の方に<br>お電話下さい。</font></td>
  </tr>
  <tr>
    <td style=""border: 1px solid black;"" colspan=""2""><font size=""2"">ご購入前にサイズ表を必ずご確認ください。<br />
      サイズ表はコチラ</font><br><font size=""-2"">Copyright(C) メンズショップ ガイ All rights reserved.</font></td>
  </tr>
<tr><td style=""border: 1px solid black;"" colspan=""2"" align=""right""><font size=""2"">2014/5/29【入荷】</font></td></tr>
</table>
</center><div align=""center"">

<div align=""center"">
     <img src=""https://image.rakuten.co.jp/guy0084/cabinet/campaign/0506_mara_1000.gif"" alt=""1000円クーポンプレゼント"" width=""616"" height=""120"" border=""0""><br><br>
<img src=""https://image.rakuten.co.jp/guy0084/cabinet/campaign/0506_mara_500.gif"" alt=""500円クーポンプレゼント"" width=""616"" height=""120"" border=""0""><br><br>
<img src=""https://image.rakuten.co.jp/guy0084/cabinet/campaign/0506_mara_300.gif"" alt=""300円クーポンプレゼント"" width=""616"" height=""120"" border=""0""><br><br>
<img src=""https://image.rakuten.co.jp/guy0084/cabinet/campaign/0519_social_cupon.jpg"" alt=""200円クーポンプレゼント"" width=""616"" height=""120"" border=""0""><br><br>
</div>
<p>
<img src=""http://image.rakuten.co.jp/guy0084/cabinet/campaign/cool-sp2016_01-n.jpg"" alt=""クール仕立て"" width=""616"" height=""120"" border=""0"">
</p>
<img src=""http://image.rakuten.co.jp/guy0084/cabinet/parts/welcome-600.gif"" alt=""ご来店ありがとうございます"" width=""600"" height=""30"" border=""0"">
<br><img src=""http://www.rakuten.ne.jp/gold/guy0084/parts/space.gif"" width=""5"" height=""5"" alt=""""><br>
<!--GoQSystemランキング自動更新ツールワイド-->
<table align=""center"" width=""600"" border=""0"" cellpadding=""0"" cellspacing=""0"" bgcolor=""#FFFFFF"">
<tr>
<td>
<table align=""center"" width=""600"" border=""0"" cellpadding=""0"" cellspacing=""0"" bgcolor=""#FFFFFF"">
<tr>
<td align=""center"" valign=""bottom"" bgcolor=""#cccccc""><img src=""http://www.rakuten.ne.jp/gold/guy0084/goqsystem/600rankingtitel.gif"" width=""600"" /></td>
</tr>
</table>
<table align=""center"" width=""596"" border=""0"" cellpadding=""0"" cellspacing=""0"" bgcolor=""#CCCCCC"" style=""border-left:solid;border-left-width:1px;border-right:solid;border-right-width:1px;border-bottom:solid;border-bottom-width:1px;border-color:#CCCCCC;"">
<tr>
<td align=""center"" bgcolor=""#FFFFFF"">
<div class=""ifrm-container"" style=""width:598px;height:460px;overflow:auto;-webkit-overflow-scrolling:touch;"">

</div>
</td>
</tr>
<tr>
<td align=""right"" bgcolor=""#FFFFFF"" style=""padding:2px;"">
<img src=""http://www.rakuten.ne.jp/gold/guy0084/goqsystem/powered_by_banner.gif"" width=""125"" />
</td>
</tr>
</table>
</td>
</tr>
</table>
<!--GoQSystemランキング自動更新ツールワイド-->
</div>",PAGELO【パジェロ】ワンタックスラックス【ライトグレー】【お取り寄せ】【4s9w】【2014/5/29】【楽天ランキング】【父の日】：オーダースーツ ＧＵＹ0084,オーダースーツオーダーシャツドレスシャツレディースオーダーシャツPAGELO【パジェロ】ワンタックスラックス【ライトグレー】【お取り寄せ】【4s9w】【2014/5/29】【楽天ランキング】【父の日】,【春夏物】【送料無料】。PAGELO【パジェロ】ワンタックスラックス【ライトグレー】【お取り寄せ】【4s9w】【2014/5/29】【楽天ランキング】【父の日】[rn]
13-87907,http://tshop.r10s.jp/guy0084/cabinet/pants/13-10117-b_m.jpg?fitin=700:700,5511.2000,,メンズファッション > ズボン・パンツ,【最終バーゲン】Agis M＆R【エィジス エムアンドアール】ポリエステルスラックス【SALL】【auktn_50off】【2016/8/22】【楽天ランキング】【父の日】,【秋冬物】【送料無料】,"<!--QRコード-->
<center>
<table width=""355"" border=""0"" cellspacing=""0"" cellpadding=""0"">
<tr>
    <td colspan=""2"" align=""center""><font size=""2"" color=""#800000""><!-- 携帯ポイント企画 --></font><br>
<img src=""http://image.rakuten.co.jp/guy0084/cabinet/parts/souryou_bn01.gif"" alt=""送料のご案内"" width=""410"" height=""80"" border=""0""><br><font size=""2"">発送からのお届け予定日時間帯</font></td>
    </tr>
  <tr>
    <td align=""center""><img src=""http://image.rakuten.co.jp/guy0084/cabinet/parts/mobile-cart.gif"" alt=""携帯から注文する"" width=""215"" height=""100"" border=""0"" /></td>
    <td align=""center""><img src=""http://image.rakuten.co.jp/guy0084/cabinet/qr-code-002/13-10117-b.jpg"" alt=""携帯へアクセス"" width=""111"" height=""111"" border=""0""></td>
  </tr>
  </table>
</center>
<!--QRコードend-->
<!--ギフトアイコン-->
<center>
<table border=""0"" cellspacing=""0"" cellpadding=""2"">
<tr>
<td valign=""middle"" nowrap><font size=""-1"">ギフト対応<br>
  詳しくはコチラ</font></td>
<td valign=""baseline"">
<img src=""http://image.rakuten.co.jp/guy0084/cabinet/parts/icon_wrapping.gif"" alt=""ラッピング対応"" width=""100"" height=""21"" hspace=""1"">
<img src=""http://image.rakuten.co.jp/guy0084/cabinet/parts/icon_noshi.gif"" alt=""のし対応"" width=""100"" height=""21"" hspace=""1"">
<img src=""http://image.rakuten.co.jp/guy0084/cabinet/parts/icon_noshi_kimei.gif"" alt=""のし記名可"" width=""100"" height=""21"" hspace=""1""></td>
</tr>
</table>
<br><img src=""http://www.rakuten.ne.jp/gold/guy0084/parts/space.gif"" width=""1"" height=""10"" alt="""" /><br>
</center>
<!--ギフトアイコンend-->
<center><!--イベント-->
<img src=""http://www.rakuten.ne.jp/gold/guy0084/parts/space.gif"" width=""1"" height=""5"" alt=""""><br>

<table  width=""355"" border=""3"" bordercolor=""#1F0B09"" frame=""box"">
  <tr>
    <td width=""30%""  align=""center"" valign=""middle"" style=""border: 1px solid black;""><font size=""2"">ブランド</font></td>
    <td style=""border: 1px solid black;"" width=""70%""><font size=""2"">Agis M&R【エィジス エムアンドアール】</font></td>
  </tr>
  <tr>
    <td width=""30%"" height=""8"" align=""center"" style=""border: 1px solid black;""><font size=""2"">サイズ</font></td>
    <td style=""border: 1px solid black;"" width=""70%""><font size=""2"">82、85、88、91、94、97、100</font></td>
  </tr>
  <tr>
    <td width=""30%"" align=""center"" valign=""middle"" style=""border: 1px solid black;""><font size=""2"">素材</font></td>
    <td style=""border: 1px solid black;"" width=""70%""><font size=""2"">表　ポリエステル100％</font></td>
  </tr>
  <tr>
    <td width=""30%"" align=""center"" valign=""middle"" style=""border: 1px solid black;""><font size=""2"">カラー</font></td>
    <td style=""border: 1px solid black;"" width=""70%""><font size=""2"">グレー</font></td>
  </tr>
  <tr>
    <td width=""30%"" align=""center"" valign=""middle"" style=""border: 1px solid black;""><font size=""2"">スタイル</font></td>
    <td style=""border: 1px solid black;"" width=""70%""><font size=""2"">ジャケット（ブレザー）、ブルゾン（ジャンバー）<br>ワイシャツ、カッターシャツ<br>ドレスシャツ、ビジネススタイル<br>スーツスタイル、オフィススタイル<br>パーティ、クリスマス、<br>婚活、結婚式、披露宴、２次会</font></td>
  </tr>
  <tr>
    <td width=""30%"" align=""center"" valign=""middle"" style=""border: 1px solid black;""><font size=""2"">洗濯表示</font></td>
    <td width=""70%"" valign=""middle"" style=""border: 1px solid black;"">
<img src=""http://image.rakuten.co.jp/guy0084/cabinet/parts/laundry04.gif"" width=""43"" height=""43"" />
<img src=""http://image.rakuten.co.jp/guy0084/cabinet/parts/laundry02.gif"" width=""43"" height=""43"" />
<img src=""http://image.rakuten.co.jp/guy0084/cabinet/parts/laundry03.gif"" width=""43"" height=""43"" />
<img src=""http://image.rakuten.co.jp/guy0084/cabinet/parts/laundry08.gif"" width=""43"" height=""43"" />
<img src=""http://image.rakuten.co.jp/guy0084/cabinet/parts/laundry00.gif"" width=""43"" height=""43"" />

</td>
  </tr>
  <tr>
    <td colspan=""2"" bgcolor=""#ede4cd"" style=""border: 1px solid black;"" height=""8""><font size=""2"">【Key Word】</font></td>
  </tr>
  <tr>
    <td style=""border: 1px solid black;"" colspan=""2""><font size=""2"">スラックス（ズボン）、2タック、MEN'S（メンズ）<br>ゴルフ、会合、婚活、寄り合い、旅行</font></td>
  </tr>
  <tr>
    <td colspan=""2"" bgcolor=""#ede4cd"" style=""border: 1px solid black;"" height=""8""><font size=""2"">ギフト包装、プレゼント包装、のし対応</font></td>
  </tr>
  <tr>
    <td style=""border: 1px solid black;"" colspan=""2""><font size=""2"">お誕生日、昇進祝い、内祝い、バレンタインデー、クリスマス<br>入学祝い、卒業祝い、就職祝い、成人式<br>父の日、敬老の日 等　各種承っております。</font></td>
  </tr>
  <tr>
    <td colspan=""2"" bgcolor=""#000000"" style=""border: 1px solid black;"" height=""8""><font size=""2"" color=""white"">必ずお読みください</font></td>
  </tr>
  <tr>
    <td style=""border: 1px solid black;"" colspan=""2""><font size=""2"">ご使用のモニターによって、商品画像の色が<br>
            異なって見えることがあります。<br>
            あらかじめ、ご了承頂きますよう、お願い申し上げます。<br>
            ご購入の際は、表記カラーをご確認の上<br>
            お買い求めください。<br><br>実店舗での販売も行っている為、<br>ご注文頂いたタイミングによって在庫が無い場合もございます。<br>その際は、メール等でご連絡させて頂きます。<br>ご了承くださいませ。<br><br>
    商品についての詳細はメールor直接店舗の方に<br>お電話下さい。</font></td>
  </tr>
  <tr>
    <td style=""border: 1px solid black;"" colspan=""2""><font size=""2"">ご購入前にサイズ表を必ずご確認ください。<br />
      サイズ表はコチラ</font><br><font size=""-2"">Copyright(C) メンズショップ ガイ All rights reserved.</font></td>
  </tr>
<tr><td style=""border: 1px solid black;"" colspan=""2"" align=""right""><font size=""2"">2016/8/22【再入荷】</font></td></tr>
</table>

</center><div align=""center"">

<div align=""center"">
     <img src=""https://image.rakuten.co.jp/guy0084/cabinet/campaign/0506_mara_1000.gif"" alt=""1000円クーポンプレゼント"" width=""616"" height=""120"" border=""0""><br><br>
<img src=""https://image.rakuten.co.jp/guy0084/cabinet/campaign/0506_mara_500.gif"" alt=""500円クーポンプレゼント"" width=""616"" height=""120"" border=""0""><br><br>
<img src=""https://image.rakuten.co.jp/guy0084/cabinet/campaign/0506_mara_300.gif"" alt=""300円クーポンプレゼント"" width=""616"" height=""120"" border=""0""><br><br>
<img src=""https://image.rakuten.co.jp/guy0084/cabinet/campaign/0519_social_cupon.jpg"" alt=""200円クーポンプレゼント"" width=""616"" height=""120"" border=""0""><br><br>
</div>
<p>
<img src=""http://image.rakuten.co.jp/guy0084/cabinet/campaign/cool-sp2016_01-n.jpg"" alt=""クール仕立て"" width=""616"" height=""120"" border=""0"">
</p>
<img src=""http://image.rakuten.co.jp/guy0084/cabinet/parts/welcome-600.gif"" alt=""ご来店ありがとうございます"" width=""600"" height=""30"" border=""0"">
<br><img src=""http://www.rakuten.ne.jp/gold/guy0084/parts/space.gif"" width=""5"" height=""5"" alt=""""><br>
<!--GoQSystemランキング自動更新ツールワイド-->
<table align=""center"" width=""600"" border=""0"" cellpadding=""0"" cellspacing=""0"" bgcolor=""#FFFFFF"">
<tr>
<td>
<table align=""center"" width=""600"" border=""0"" cellpadding=""0"" cellspacing=""0"" bgcolor=""#FFFFFF"">
<tr>
<td align=""center"" valign=""bottom"" bgcolor=""#cccccc""><img src=""http://www.rakuten.ne.jp/gold/guy0084/goqsystem/600rankingtitel.gif"" width=""600"" /></td>
</tr>
</table>
<table align=""center"" width=""596"" border=""0"" cellpadding=""0"" cellspacing=""0"" bgcolor=""#CCCCCC"" style=""border-left:solid;border-left-width:1px;border-right:solid;border-right-width:1px;border-bottom:solid;border-bottom-width:1px;border-color:#CCCCCC;"">
<tr>
<td align=""center"" bgcolor=""#FFFFFF"">
<div class=""ifrm-container"" style=""width:598px;height:460px;overflow:auto;-webkit-overflow-scrolling:touch;"">

</div>
</td>
</tr>
<tr>
<td align=""right"" bgcolor=""#FFFFFF"" style=""padding:2px;"">
<img src=""http://www.rakuten.ne.jp/gold/guy0084/goqsystem/powered_by_banner.gif"" width=""125"" />
</td>
</tr>
</table>
</td>
</tr>
</table>
<!--GoQSystemランキング自動更新ツールワイド-->
</div>",【最終バーゲン】Agis M＆R【エィジス エムアンドアール】ポリエステルスラックス【SALL】【auktn_50off】【2016/8/22】【楽天ランキング】【父の日】：オーダースーツ ＧＵＹ0084,オーダースーツオーダーシャツドレスシャツレディースオーダーシャツ【最終バーゲン】Agis M＆R【エィジス エムアンドアール】ポリエステルスラックス【SALL】【auktn_50off】【2016/8/22】【楽天ランキング】【父の日】,【秋冬物】【送料無料】。【最終バーゲン】Agis M＆R【エィジス エムアンドアール】ポリエステルスラックス【SALL】【auktn_50off】【2016/8/22】【楽天ランキング】【父の日】[rn]
13-87908,http://tshop.r10s.jp/guy0084/cabinet/off-img/slacks/ip7030-40_m.jpg?fitin=700:700,5881.6000,,メンズファッション > ズボン・パンツ,Agis M＆R【エィジス エムアンドアール】ノータックカジュアルパンツ/ボトムス【ベージュ】【SALL】【お取り寄せ】【auktn_50off】【2013/12/8】【楽天ランキング】【父の日】,【秋冬物】【送料無料】,"<!--QRコード-->
<center>
<table width=""355"" border=""0"" cellspacing=""0"" cellpadding=""0"">
<tr>
    <td colspan=""2"" align=""center""><font size=""2"" color=""#800000""><!-- 携帯ポイント企画 --></font><br>
<img src=""http://image.rakuten.co.jp/guy0084/cabinet/parts/souryou_bn01.gif"" alt=""送料のご案内"" width=""410"" height=""80"" border=""0""><br><font size=""2"">発送からのお届け予定日時間帯</font></td>
    </tr>
  <tr>
    <td align=""center""><img src=""http://image.rakuten.co.jp/guy0084/cabinet/parts/mobile-cart.gif"" alt=""携帯から注文する"" width=""215"" height=""100"" border=""0"" /></td>
    <td align=""center""><img src=""http://image.rakuten.co.jp/guy0084/cabinet/qr-code-003/ip7030-40.jpg"" alt=""携帯へアクセス"" width=""111"" height=""111"" border=""0""></td>
  </tr>
  </table>
</center>
<!--QRコードend-->
<!--ギフトアイコン-->
<center>
<table border=""0"" cellspacing=""0"" cellpadding=""2"">
<tr>
<td valign=""middle"" nowrap><font size=""-1"">ギフト対応<br>
  詳しくはコチラ</font></td>
<td valign=""baseline"">
<img src=""http://image.rakuten.co.jp/guy0084/cabinet/parts/icon_wrapping.gif"" alt=""ラッピング対応"" width=""100"" height=""21"" hspace=""1"">
<img src=""http://image.rakuten.co.jp/guy0084/cabinet/parts/icon_noshi.gif"" alt=""のし対応"" width=""100"" height=""21"" hspace=""1"">
<img src=""http://image.rakuten.co.jp/guy0084/cabinet/parts/icon_noshi_kimei.gif"" alt=""のし記名可"" width=""100"" height=""21"" hspace=""1""></td>
</tr>
</table>
<br><img src=""http://www.rakuten.ne.jp/gold/guy0084/parts/space.gif"" width=""1"" height=""10"" alt="""" /><br>
</center>
<!--ギフトアイコンend-->
<center><!--イベント用-->
<table  width=""355"" border=""3"" bordercolor=""#1F0B09"" frame=""box"">
  <tr>
    <td width=""30%""  align=""center"" valign=""middle"" style=""border: 1px solid black;""><font size=""2"">ブランド</font></td>
    <td style=""border: 1px solid black;"" width=""70%""><font size=""2"">Agis M&R【エィジス エムアンドアール】</font></td>
  </tr>
  <tr>
    <td width=""30%"" height=""8"" align=""center"" style=""border: 1px solid black;""><font size=""2"">サイズ</font></td>
    <td style=""border: 1px solid black;"" width=""70%""><font size=""2"">79、82</font></td>
  </tr>
  <tr>
    <td width=""30%"" align=""center"" valign=""middle"" style=""border: 1px solid black;""><font size=""2"">素材</font></td>
    <td style=""border: 1px solid black;"" width=""70%""><font size=""2"">綿54％、ポリエステル42％、ポリウレタン4％</font></td>
  </tr>
  <tr>
    <td width=""30%"" align=""center"" valign=""middle"" style=""border: 1px solid black;""><font size=""2"">カラー</font></td>
    <td style=""border: 1px solid black;"" width=""70%""><font size=""2"">ベージュ</font></td>
  </tr>
  <tr>
    <td width=""30%"" align=""center"" valign=""middle"" style=""border: 1px solid black;""><font size=""2"">スタイル</font></td>
    <td style=""border: 1px solid black;"" width=""70%""><font size=""2"">ジャケット（ブレザー）、ブルゾン（ジャンバー）、トレーナー、Tシャツ、ロングTシャツ、シャツ、パーティ、クリスマス、婚活、結婚式、披露宴、２次会</font></td>
  </tr>
  <tr>
    <td width=""30%"" align=""center"" valign=""middle"" style=""border: 1px solid black;""><font size=""2"">洗濯表示</font></td>
    <td width=""70%"" valign=""middle"" style=""border: 1px solid black;"">
<img src=""http://image.rakuten.co.jp/guy0084/cabinet/parts/laundry27.gif"" width=""43"" height=""43"" />
<img src=""http://image.rakuten.co.jp/guy0084/cabinet/parts/laundry02.gif"" width=""43"" height=""43"" />
<img src=""http://image.rakuten.co.jp/guy0084/cabinet/parts/laundry14.gif"" width=""43"" height=""43"" /><br>
<img src=""http://image.rakuten.co.jp/guy0084/cabinet/parts/laundry10.gif"" width=""43"" height=""43"" />
<img src=""http://image.rakuten.co.jp/guy0084/cabinet/parts/laundry06.gif"" width=""43"" height=""43"" />
<img src=""http://image.rakuten.co.jp/guy0084/cabinet/parts/laundry01.gif"" width=""43"" height=""43"" />

</td>
  </tr>
  <tr>
    <td colspan=""2"" bgcolor=""#ede4cd"" style=""border: 1px solid black;"" height=""8""><font size=""2"">【Key Word】</font></td>
  </tr>
  <tr>
    <td style=""border: 1px solid black;"" colspan=""2""><font size=""2"">綿パン（チノパン）、ノータック、MEN'S（メンズ）ゴルフ、会合、婚活、寄り合い、旅行</font></td>
  </tr>
  <tr>
    <td colspan=""2"" bgcolor=""#ede4cd"" style=""border: 1px solid black;"" height=""8""><font size=""2"">ギフト包装、プレゼント包装、のし対応</font></td>
  </tr>
    <tr>
    <td style=""border: 1px solid black;"" colspan=""2""><font size=""2"">お誕生日、昇進祝い、内祝い、バレンタインデー、クリスマス<br>入学祝い、卒業祝い、就職祝い、成人式<br>父の日、敬老の日 等　各種承っております。</font></td>
  </tr>
  <tr>
    <td colspan=""2"" style=""border: 1px solid black;"" bgcolor=""#990000"" height=""8""><font color=""#FFFFFF"" size=""2"">【注意事項】</font></td>
  </tr>
  <tr>
    <td style=""border: 1px solid black;"" colspan=""2""><font size=""2"">コチラの商品は一部メーカー取り寄せ商品の為、<br>発送に５営業日かかる場合がございます。<br><br>在庫の管理には万全を期しておりますが、メーカーでの<br>在庫状況（完売）により、ご注文を変更またはキャンセル<br>させて頂く場合がございます事を予めご了承くださいませ。</font></td>
  </tr> 
  <tr>
    <td colspan=""2"" bgcolor=""#000000"" style=""border: 1px solid black;"" height=""8""><font size=""2"" color=""white"">必ずお読みください</font></td>
  </tr>
  <tr>
    <td style=""border: 1px solid black;"" colspan=""2""><font size=""2"">ご使用のモニターによって、商品画像の色が<br>
            異なって見えることがあります。<br>
            あらかじめ、ご了承頂きますよう、お願い申し上げます。<br>
            ご購入の際は、表記カラーをご確認の上<br>
            お買い求めください。<br><br>実店舗での販売も行っている為、<br>ご注文頂いたタイミングによって在庫が無い場合もございます。<br>その際は、メール等でご連絡させて頂きます。<br>ご了承くださいませ。<br><br>
    商品についての詳細はメールor直接店舗の方に<br>お電話下さい。</font></td>
  </tr>
  <tr>
    <td style=""border: 1px solid black;"" colspan=""2""><font size=""2"">ご購入前にサイズ表を必ずご確認ください。<br />
      サイズ表はコチラ</font><br><font size=""-2"">Copyright(C) メンズショップ ガイ All rights reserved.</font></td>
  </tr>
<tr><td style=""border: 1px solid black;"" colspan=""2"" align=""right""><font size=""2"">  2013/12/8【入荷】</font></td></tr>
</table>
</center><div align=""center"">

<div align=""center"">
     <img src=""https://image.rakuten.co.jp/guy0084/cabinet/campaign/0506_mara_1000.gif"" alt=""1000円クーポンプレゼント"" width=""616"" height=""120"" border=""0""><br><br>
<img src=""https://image.rakuten.co.jp/guy0084/cabinet/campaign/0506_mara_500.gif"" alt=""500円クーポンプレゼント"" width=""616"" height=""120"" border=""0""><br><br>
<img src=""https://image.rakuten.co.jp/guy0084/cabinet/campaign/0506_mara_300.gif"" alt=""300円クーポンプレゼント"" width=""616"" height=""120"" border=""0""><br><br>
<img src=""https://image.rakuten.co.jp/guy0084/cabinet/campaign/0519_social_cupon.jpg"" alt=""200円クーポンプレゼント"" width=""616"" height=""120"" border=""0""><br><br>
</div>
<p>
<img src=""http://image.rakuten.co.jp/guy0084/cabinet/campaign/cool-sp2016_01-n.jpg"" alt=""クール仕立て"" width=""616"" height=""120"" border=""0"">
</p>
<img src=""http://image.rakuten.co.jp/guy0084/cabinet/parts/welcome-600.gif"" alt=""ご来店ありがとうございます"" width=""600"" height=""30"" border=""0"">
<br><img src=""http://www.rakuten.ne.jp/gold/guy0084/parts/space.gif"" width=""5"" height=""5"" alt=""""><br>
<!--GoQSystemランキング自動更新ツールワイド-->
<table align=""center"" width=""600"" border=""0"" cellpadding=""0"" cellspacing=""0"" bgcolor=""#FFFFFF"">
<tr>
<td>
<table align=""center"" width=""600"" border=""0"" cellpadding=""0"" cellspacing=""0"" bgcolor=""#FFFFFF"">
<tr>
<td align=""center"" valign=""bottom"" bgcolor=""#cccccc""><img src=""http://www.rakuten.ne.jp/gold/guy0084/goqsystem/600rankingtitel.gif"" width=""600"" /></td>
</tr>
</table>
<table align=""center"" width=""596"" border=""0"" cellpadding=""0"" cellspacing=""0"" bgcolor=""#CCCCCC"" style=""border-left:solid;border-left-width:1px;border-right:solid;border-right-width:1px;border-bottom:solid;border-bottom-width:1px;border-color:#CCCCCC;"">
<tr>
<td align=""center"" bgcolor=""#FFFFFF"">
<div class=""ifrm-container"" style=""width:598px;height:460px;overflow:auto;-webkit-overflow-scrolling:touch;"">

</div>
</td>
</tr>
<tr>
<td align=""right"" bgcolor=""#FFFFFF"" style=""padding:2px;"">
<img src=""http://www.rakuten.ne.jp/gold/guy0084/goqsystem/powered_by_banner.gif"" width=""125"" />
</td>
</tr>
</table>
</td>
</tr>
</table>
<!--GoQSystemランキング自動更新ツールワイド-->
</div>",Agis M＆R【エィジス エムアンドアール】ノータックカジュアルパンツ/ボトムス【ベージュ】【SALL】【お取り寄せ】【auktn_50off】【2013/12/8】【楽天ランキング】【父の日】：オーダースーツ ＧＵＹ0084,オーダースーツオーダーシャツドレスシャツレディースオーダーシャツAgis M＆R【エィジス エムアンドアール】ノータックカジュアルパンツ/ボトムス【ベージュ】【SALL】【お取り寄せ】【auktn_50off】【2013/12/8】【楽天ランキング】【父の日】,【秋冬物】【送料無料】。Agis M＆R【エィジス エムアンドアール】ノータックカジュアルパンツ/ボトムス【ベージュ】【SALL】【お取り寄せ】【auktn_50off】【2013/12/8】【楽天ランキング】【父の日】[rn]
13-87909,http://tshop.r10s.jp/guy0084/cabinet/pants/13-51217-a_m.jpg?fitin=700:700,5881.6000,,メンズファッション > ズボン・パンツ,【最終バーゲン】Agis M＆R【エィジス エムアンドアール】ウール混ポリエステルスラックス【SALL】【auktn_50off】【2012/11/9】【楽天ランキング】【父の日】,【秋冬物】【送料無料】,"<!--QRコード-->
<center>
<table width=""355"" border=""0"" cellspacing=""0"" cellpadding=""0"">
<tr>
    <td colspan=""2"" align=""center""><font size=""2"" color=""#800000""><!-- 携帯ポイント企画 --></font><br>
<img src=""http://image.rakuten.co.jp/guy0084/cabinet/parts/souryou_bn01.gif"" alt=""送料のご案内"" width=""410"" height=""80"" border=""0""><br><font size=""2"">発送からのお届け予定日時間帯</font></td>
    </tr>
  <tr>
    <td align=""center""><img src=""http://image.rakuten.co.jp/guy0084/cabinet/parts/mobile-cart.gif"" alt=""携帯から注文する"" width=""215"" height=""100"" border=""0"" /></td>
    <td align=""center""><img src=""http://image.rakuten.co.jp/guy0084/cabinet/qr-code-002/13-51217-a.jpg"" alt=""携帯へアクセス"" width=""111"" height=""111"" border=""0""></td>
  </tr>
  </table>
</center>
<!--QRコードend-->
<!--ギフトアイコン-->
<center>
<table border=""0"" cellspacing=""0"" cellpadding=""2"">
<tr>
<td valign=""middle"" nowrap><font size=""-1"">ギフト対応<br>
  詳しくはコチラ</font></td>
<td valign=""baseline"">
<img src=""http://image.rakuten.co.jp/guy0084/cabinet/parts/icon_wrapping.gif"" alt=""ラッピング対応"" width=""100"" height=""21"" hspace=""1"">
<img src=""http://image.rakuten.co.jp/guy0084/cabinet/parts/icon_noshi.gif"" alt=""のし対応"" width=""100"" height=""21"" hspace=""1"">
<img src=""http://image.rakuten.co.jp/guy0084/cabinet/parts/icon_noshi_kimei.gif"" alt=""のし記名可"" width=""100"" height=""21"" hspace=""1""></td>
</tr>
</table>
<br><img src=""http://www.rakuten.ne.jp/gold/guy0084/parts/space.gif"" width=""1"" height=""10"" alt="""" /><br>
</center>
<!--ギフトアイコンend-->
<center><!--イベント-->
<img src=""http://www.rakuten.ne.jp/gold/guy0084/parts/space.gif"" width=""1"" height=""5"" alt=""""><br>

<table  width=""355"" border=""3"" bordercolor=""#1F0B09"" frame=""box"">
  <tr>
    <td width=""30%""  align=""center"" valign=""middle"" style=""border: 1px solid black;""><font size=""2"">ブランド</font></td>
    <td style=""border: 1px solid black;"" width=""70%""><font size=""2"">Agis M&R【エィジス エムアンドアール】</font></td>
  </tr>
  <tr>
    <td width=""30%"" height=""8"" align=""center"" style=""border: 1px solid black;""><font size=""2"">サイズ</font></td>
    <td style=""border: 1px solid black;"" width=""70%""><font size=""2"">82、85、88、91</font></td>
  </tr>
  <tr>
    <td width=""30%"" align=""center"" valign=""middle"" style=""border: 1px solid black;""><font size=""2"">素材</font></td>
    <td style=""border: 1px solid black;"" width=""70%""><font size=""2"">表　ポリエステル70％ 毛30％</font></td>
  </tr>
  <tr>
    <td width=""30%"" align=""center"" valign=""middle"" style=""border: 1px solid black;""><font size=""2"">カラー</font></td>
    <td style=""border: 1px solid black;"" width=""70%""><font size=""2"">ネイビー/ブルーサックス<br>ストライプ</font></td>
  </tr>
  <tr>
    <td width=""30%"" align=""center"" valign=""middle"" style=""border: 1px solid black;""><font size=""2"">スタイル</font></td>
    <td style=""border: 1px solid black;"" width=""70%""><font size=""2"">ジャケット（ブレザー）、ブルゾン（ジャンバー）<br>ワイシャツ、カッターシャツ<br>ドレスシャツ、ビジネススタイル<br>スーツスタイル、オフィススタイル<br>パーティ、クリスマス、<br>婚活、結婚式、披露宴、２次会</font></td>
  </tr>
  <tr>
    <td width=""30%"" align=""center"" valign=""middle"" style=""border: 1px solid black;""><font size=""2"">洗濯表示</font></td>
    <td width=""70%"" valign=""middle"" style=""border: 1px solid black;"">
<img src=""http://image.rakuten.co.jp/guy0084/cabinet/parts/laundry18.gif"" width=""43"" height=""43"" />
<img src=""http://image.rakuten.co.jp/guy0084/cabinet/parts/laundry02.gif"" width=""43"" height=""43"" />
<img src=""http://image.rakuten.co.jp/guy0084/cabinet/parts/laundry14.gif"" width=""43"" height=""43"" />
<img src=""http://image.rakuten.co.jp/guy0084/cabinet/parts/laundry10.gif"" width=""43"" height=""43"" />
<img src=""http://image.rakuten.co.jp/guy0084/cabinet/parts/laundry06.gif"" width=""43"" height=""43"" />
<img src=""http://image.rakuten.co.jp/guy0084/cabinet/parts/laundry01.gif"" width=""43"" height=""43"" />
</td>
  </tr>
  <tr>
    <td colspan=""2"" bgcolor=""#ede4cd"" style=""border: 1px solid black;"" height=""8""><font size=""2"">【Key Word】</font></td>
  </tr>
  <tr>
    <td style=""border: 1px solid black;"" colspan=""2""><font size=""2"">スラックス（ズボン）、1タック、MEN'S（メンズ）<br>ゴルフ、会合、婚活、寄り合い、旅行<br>ひざ当て付</font></td>
  </tr>
  <tr>
    <td colspan=""2"" bgcolor=""#ede4cd"" style=""border: 1px solid black;"" height=""8""><font size=""2"">ギフト包装、プレゼント包装、のし対応</font></td>
  </tr>
  <tr>
    <td style=""border: 1px solid black;"" colspan=""2""><font size=""2"">お誕生日、昇進祝い、内祝い、バレンタインデー、クリスマス<br>入学祝い、卒業祝い、就職祝い、成人式<br>父の日、敬老の日 等　各種承っております。</font></td>
  </tr>
  <tr>
    <td colspan=""2"" bgcolor=""#000000"" style=""border: 1px solid black;"" height=""8""><font size=""2"" color=""white"">必ずお読みください</font></td>
  </tr>
  <tr>
    <td style=""border: 1px solid black;"" colspan=""2""><font size=""2"">ご使用のモニターによって、商品画像の色が<br>
            異なって見えることがあります。<br>
            あらかじめ、ご了承頂きますよう、お願い申し上げます。<br>
            ご購入の際は、表記カラーをご確認の上<br>
            お買い求めください。<br><br>実店舗での販売も行っている為、<br>ご注文頂いたタイミングによって在庫が無い場合もございます。<br>その際は、メール等でご連絡させて頂きます。<br>ご了承くださいませ。<br><br>
    商品についての詳細はメールor直接店舗の方に<br>お電話下さい。</font></td>
  </tr>
  <tr>
    <td style=""border: 1px solid black;"" colspan=""2""><font size=""2"">ご購入前にサイズ表を必ずご確認ください。<br />
      サイズ表はコチラ</font><br><font size=""-2"">Copyright(C) メンズショップ ガイ All rights reserved.</font></td>
  </tr>
<tr><td style=""border: 1px solid black;"" colspan=""2"" align=""right""><font size=""2"">2012/11/9【入荷】</font></td></tr>
</table>
</center><div align=""center"">

<div align=""center"">
     <img src=""https://image.rakuten.co.jp/guy0084/cabinet/campaign/0506_mara_1000.gif"" alt=""1000円クーポンプレゼント"" width=""616"" height=""120"" border=""0""><br><br>
<img src=""https://image.rakuten.co.jp/guy0084/cabinet/campaign/0506_mara_500.gif"" alt=""500円クーポンプレゼント"" width=""616"" height=""120"" border=""0""><br><br>
<img src=""https://image.rakuten.co.jp/guy0084/cabinet/campaign/0506_mara_300.gif"" alt=""300円クーポンプレゼント"" width=""616"" height=""120"" border=""0""><br><br>
<img src=""https://image.rakuten.co.jp/guy0084/cabinet/campaign/0519_social_cupon.jpg"" alt=""200円クーポンプレゼント"" width=""616"" height=""120"" border=""0""><br><br>
</div>
<p>
<img src=""http://image.rakuten.co.jp/guy0084/cabinet/campaign/cool-sp2016_01-n.jpg"" alt=""クール仕立て"" width=""616"" height=""120"" border=""0"">
</p>
<img src=""http://image.rakuten.co.jp/guy0084/cabinet/parts/welcome-600.gif"" alt=""ご来店ありがとうございます"" width=""600"" height=""30"" border=""0"">
<br><img src=""http://www.rakuten.ne.jp/gold/guy0084/parts/space.gif"" width=""5"" height=""5"" alt=""""><br>
<!--GoQSystemランキング自動更新ツールワイド-->
<table align=""center"" width=""600"" border=""0"" cellpadding=""0"" cellspacing=""0"" bgcolor=""#FFFFFF"">
<tr>
<td>
<table align=""center"" width=""600"" border=""0"" cellpadding=""0"" cellspacing=""0"" bgcolor=""#FFFFFF"">
<tr>
<td align=""center"" valign=""bottom"" bgcolor=""#cccccc""><img src=""http://www.rakuten.ne.jp/gold/guy0084/goqsystem/600rankingtitel.gif"" width=""600"" /></td>
</tr>
</table>
<table align=""center"" width=""596"" border=""0"" cellpadding=""0"" cellspacing=""0"" bgcolor=""#CCCCCC"" style=""border-left:solid;border-left-width:1px;border-right:solid;border-right-width:1px;border-bottom:solid;border-bottom-width:1px;border-color:#CCCCCC;"">
<tr>
<td align=""center"" bgcolor=""#FFFFFF"">
<div class=""ifrm-container"" style=""width:598px;height:460px;overflow:auto;-webkit-overflow-scrolling:touch;"">

</div>
</td>
</tr>
<tr>
<td align=""right"" bgcolor=""#FFFFFF"" style=""padding:2px;"">
<img src=""http://www.rakuten.ne.jp/gold/guy0084/goqsystem/powered_by_banner.gif"" width=""125"" />
</td>
</tr>
</table>
</td>
</tr>
</table>
<!--GoQSystemランキング自動更新ツールワイド-->
</div>",【最終バーゲン】Agis M＆R【エィジス エムアンドアール】ウール混ポリエステルスラックス【SALL】【auktn_50off】【2012/11/9】【楽天ランキング】【父の日】：オーダースーツ ＧＵＹ0084,オーダースーツオーダーシャツドレスシャツレディースオーダーシャツ【最終バーゲン】Agis M＆R【エィジス エムアンドアール】ウール混ポリエステルスラックス【SALL】【auktn_50off】【2012/11/9】【楽天ランキング】【父の日】,【秋冬物】【送料無料】。【最終バーゲン】Agis M＆R【エィジス エムアンドアール】ウール混ポリエステルスラックス【SALL】【auktn_50off】【2012/11/9】【楽天ランキング】【父の日】[rn]
13-87910,http://tshop.r10s.jp/guy0084/cabinet/off-img/slacks/31017-b_m.jpg?fitin=700:700,5066.4000,,メンズファッション > ズボン・パンツ,Agis M＆R【エィジス エムアンドアール】ワンタックスラックス/パンツ/ボトムス【グレー】【SALL】【お取り寄せ】【auktn_50off】【2013/12/8】【楽天ランキング】【父の日】,【秋冬物】【送料無料】,"<!--QRコード-->
<center>
<table width=""355"" border=""0"" cellspacing=""0"" cellpadding=""0"">
<tr>
    <td colspan=""2"" align=""center""><font size=""2"" color=""#800000""><!-- 携帯ポイント企画 --></font><br>
<img src=""http://image.rakuten.co.jp/guy0084/cabinet/parts/souryou_bn01.gif"" alt=""送料のご案内"" width=""410"" height=""80"" border=""0""><br><font size=""2"">発送からのお届け予定日時間帯</font></td>
    </tr>
  <tr>
    <td align=""center""><img src=""http://image.rakuten.co.jp/guy0084/cabinet/parts/mobile-cart.gif"" alt=""携帯から注文する"" width=""215"" height=""100"" border=""0"" /></td>
    <td align=""center""><img src=""http://image.rakuten.co.jp/guy0084/cabinet/qr-code-003/31017-b.jpg"" alt=""携帯へアクセス"" width=""111"" height=""111"" border=""0""></td>
  </tr>
  </table>
</center>
<!--QRコードend-->
<!--ギフトアイコン-->
<center>
<table border=""0"" cellspacing=""0"" cellpadding=""2"">
<tr>
<td valign=""middle"" nowrap><font size=""-1"">ギフト対応<br>
  詳しくはコチラ</font></td>
<td valign=""baseline"">
<img src=""http://image.rakuten.co.jp/guy0084/cabinet/parts/icon_wrapping.gif"" alt=""ラッピング対応"" width=""100"" height=""21"" hspace=""1"">
<img src=""http://image.rakuten.co.jp/guy0084/cabinet/parts/icon_noshi.gif"" alt=""のし対応"" width=""100"" height=""21"" hspace=""1"">
<img src=""http://image.rakuten.co.jp/guy0084/cabinet/parts/icon_noshi_kimei.gif"" alt=""のし記名可"" width=""100"" height=""21"" hspace=""1""></td>
</tr>
</table>
<br><img src=""http://www.rakuten.ne.jp/gold/guy0084/parts/space.gif"" width=""1"" height=""10"" alt="""" /><br>
</center>
<!--ギフトアイコンend-->
<center><!--イベント用-->
<table  width=""355"" border=""3"" bordercolor=""#1F0B09"" frame=""box"">
  <tr>
    <td width=""30%""  align=""center"" valign=""middle"" style=""border: 1px solid black;""><font size=""2"">ブランド</font></td>
    <td style=""border: 1px solid black;"" width=""70%""><font size=""2"">Agis M&R【エィジス エムアンドアール】</font></td>
  </tr>
  <tr>
    <td width=""30%"" height=""8"" align=""center"" style=""border: 1px solid black;""><font size=""2"">サイズ</font></td>
    <td style=""border: 1px solid black;"" width=""70%""><font size=""2"">82、88、91、94、97、100</font></td>
  </tr>
  <tr>
    <td width=""30%"" align=""center"" valign=""middle"" style=""border: 1px solid black;""><font size=""2"">素材</font></td>
    <td style=""border: 1px solid black;"" width=""70%""><font size=""2"">ポリエステル100％</font></td>
  </tr>
  <tr>
    <td width=""30%"" align=""center"" valign=""middle"" style=""border: 1px solid black;""><font size=""2"">カラー</font></td>
    <td style=""border: 1px solid black;"" width=""70%""><font size=""2"">グレー</font></td>
  </tr>
  <tr>
    <td width=""30%"" align=""center"" valign=""middle"" style=""border: 1px solid black;""><font size=""2"">スタイル</font></td>
    <td style=""border: 1px solid black;"" width=""70%""><font size=""2"">ジャケット（ブレザー）、ブルゾン（ジャンバー）<br>ワイシャツ、カッターシャツ<br>ドレスシャツ、ビジネススタイル<br>スーツスタイル、オフィススタイル<br>パーティ、クリスマス、<br>婚活、結婚式、披露宴、２次会</font></td>
  </tr>
  <tr>
    <td width=""30%"" align=""center"" valign=""middle"" style=""border: 1px solid black;""><font size=""2"">洗濯表示</font></td>
    <td width=""70%"" valign=""middle"" style=""border: 1px solid black;"">
<img src=""http://image.rakuten.co.jp/guy0084/cabinet/parts/laundry05.gif"" width=""43"" height=""43"" />
<img src=""http://image.rakuten.co.jp/guy0084/cabinet/parts/laundry02.gif"" width=""43"" height=""43"" />
<img src=""http://image.rakuten.co.jp/guy0084/cabinet/parts/laundry03.gif"" width=""43"" height=""43"" />
<img src=""http://image.rakuten.co.jp/guy0084/cabinet/parts/laundry08.gif"" width=""43"" height=""43"" />
<img src=""http://image.rakuten.co.jp/guy0084/cabinet/parts/laundry00.gif"" width=""43"" height=""43"" />

</td>
  </tr>
  <tr>
    <td colspan=""2"" bgcolor=""#ede4cd"" style=""border: 1px solid black;"" height=""8""><font size=""2"">【Key Word】</font></td>
  </tr>
  <tr>
    <td style=""border: 1px solid black;"" colspan=""2""><font size=""2"">１タック、MEN'S（メンズ）、パンツ</font></td>
  </tr>
  <tr>
    <td colspan=""2"" bgcolor=""#ede4cd"" style=""border: 1px solid black;"" height=""8""><font size=""2"">ギフト包装、プレゼント包装、のし対応</font></td>
  </tr>
    <tr>
    <td style=""border: 1px solid black;"" colspan=""2""><font size=""2"">お誕生日、昇進祝い、内祝い、バレンタインデー、クリスマス<br>入学祝い、卒業祝い、就職祝い、成人式<br>父の日、敬老の日 等　各種承っております。</font></td>
  </tr>
  <tr>
    <td colspan=""2"" style=""border: 1px solid black;"" bgcolor=""#990000"" height=""8""><font color=""#FFFFFF"" size=""2"">【注意事項】</font></td>
  </tr>
  <tr>
    <td style=""border: 1px solid black;"" colspan=""2""><font size=""2"">コチラの商品は一部メーカー取り寄せ商品の為、<br>発送に５営業日かかる場合がございます。<br><br>在庫の管理には万全を期しておりますが、メーカーでの<br>在庫状況（完売）により、ご注文を変更またはキャンセル<br>させて頂く場合がございます事を予めご了承くださいませ。</font></td>
  </tr> 
  <tr>
    <td colspan=""2"" bgcolor=""#000000"" style=""border: 1px solid black;"" height=""8""><font size=""2"" color=""white"">必ずお読みください</font></td>
  </tr>
  <tr>
    <td style=""border: 1px solid black;"" colspan=""2""><font size=""2"">ご使用のモニターによって、商品画像の色が<br>
            異なって見えることがあります。<br>
            あらかじめ、ご了承頂きますよう、お願い申し上げます。<br>
            ご購入の際は、表記カラーをご確認の上<br>
            お買い求めください。<br><br>実店舗での販売も行っている為、<br>ご注文頂いたタイミングによって在庫が無い場合もございます。<br>その際は、メール等でご連絡させて頂きます。<br>ご了承くださいませ。<br><br>
    商品についての詳細はメールor直接店舗の方に<br>お電話下さい。</font></td>
  </tr>
  <tr>
    <td style=""border: 1px solid black;"" colspan=""2""><font size=""2"">ご購入前にサイズ表を必ずご確認ください。<br />
      サイズ表はコチラ</font><br><font size=""-2"">Copyright(C) メンズショップ ガイ All rights reserved.</font></td>
  </tr>
<tr><td style=""border: 1px solid black;"" colspan=""2"" align=""right""><font size=""2"">  2013/12/8【入荷】</font></td></tr>
</table>
</center><div align=""center"">

<div align=""center"">
     <img src=""https://image.rakuten.co.jp/guy0084/cabinet/campaign/0506_mara_1000.gif"" alt=""1000円クーポンプレゼント"" width=""616"" height=""120"" border=""0""><br><br>
<img src=""https://image.rakuten.co.jp/guy0084/cabinet/campaign/0506_mara_500.gif"" alt=""500円クーポンプレゼント"" width=""616"" height=""120"" border=""0""><br><br>
<img src=""https://image.rakuten.co.jp/guy0084/cabinet/campaign/0506_mara_300.gif"" alt=""300円クーポンプレゼント"" width=""616"" height=""120"" border=""0""><br><br>
<img src=""https://image.rakuten.co.jp/guy0084/cabinet/campaign/0519_social_cupon.jpg"" alt=""200円クーポンプレゼント"" width=""616"" height=""120"" border=""0""><br><br>
</div>
<p>
<img src=""http://image.rakuten.co.jp/guy0084/cabinet/campaign/cool-sp2016_01-n.jpg"" alt=""クール仕立て"" width=""616"" height=""120"" border=""0"">
</p>
<img src=""http://image.rakuten.co.jp/guy0084/cabinet/parts/welcome-600.gif"" alt=""ご来店ありがとうございます"" width=""600"" height=""30"" border=""0"">
<br><img src=""http://www.rakuten.ne.jp/gold/guy0084/parts/space.gif"" width=""5"" height=""5"" alt=""""><br>
<!--GoQSystemランキング自動更新ツールワイド-->
<table align=""center"" width=""600"" border=""0"" cellpadding=""0"" cellspacing=""0"" bgcolor=""#FFFFFF"">
<tr>
<td>
<table align=""center"" width=""600"" border=""0"" cellpadding=""0"" cellspacing=""0"" bgcolor=""#FFFFFF"">
<tr>
<td align=""center"" valign=""bottom"" bgcolor=""#cccccc""><img src=""http://www.rakuten.ne.jp/gold/guy0084/goqsystem/600rankingtitel.gif"" width=""600"" /></td>
</tr>
</table>
<table align=""center"" width=""596"" border=""0"" cellpadding=""0"" cellspacing=""0"" bgcolor=""#CCCCCC"" style=""border-left:solid;border-left-width:1px;border-right:solid;border-right-width:1px;border-bottom:solid;border-bottom-width:1px;border-color:#CCCCCC;"">
<tr>
<td align=""center"" bgcolor=""#FFFFFF"">
<div class=""ifrm-container"" style=""width:598px;height:460px;overflow:auto;-webkit-overflow-scrolling:touch;"">

</div>
</td>
</tr>
<tr>
<td align=""right"" bgcolor=""#FFFFFF"" style=""padding:2px;"">
<img src=""http://www.rakuten.ne.jp/gold/guy0084/goqsystem/powered_by_banner.gif"" width=""125"" />
</td>
</tr>
</table>
</td>
</tr>
</table>
<!--GoQSystemランキング自動更新ツールワイド-->
</div>",Agis M＆R【エィジス エムアンドアール】ワンタックスラックス/パンツ/ボトムス【グレー】【SALL】【お取り寄せ】【auktn_50off】【2013/12/8】【楽天ランキング】【父の日】：オーダースーツ ＧＵＹ0084,オーダースーツオーダーシャツドレスシャツレディースオーダーシャツAgis M＆R【エィジス エムアンドアール】ワンタックスラックス/パンツ/ボトムス【グレー】【SALL】【お取り寄せ】【auktn_50off】【2013/12/8】【楽天ランキング】【父の日】,【秋冬物】【送料無料】。Agis M＆R【エィジス エムアンドアール】ワンタックスラックス/パンツ/ボトムス【グレー】【SALL】【お取り寄せ】【auktn_50off】【2013/12/8】【楽天ランキング】【父の日】[rn]
13-87911,http://tshop.r10s.jp/guy0084/cabinet/pants-02/13-6283-a_m.jpg?fitin=700:700,5511.2000,,メンズファッション > ズボン・パンツ,Agis M＆R【エィジス エムアンドアール】スラックス【ブラック】【SALL】【auktn_50off】【楽天ランキング】【父の日】,【送料無料】【春夏物】,"<!--QRコード-->
<center>
<table width=""355"" border=""0"" cellspacing=""0"" cellpadding=""0"">
<tr>
    <td colspan=""2"" align=""center""><font size=""2"" color=""#800000""><!-- 携帯ポイント企画 --></font><br>
<img src=""http://image.rakuten.co.jp/guy0084/cabinet/parts/souryou_bn01.gif"" alt=""送料のご案内"" width=""410"" height=""80"" border=""0""><br><font size=""2"">発送からのお届け予定日時間帯</font></td>
    </tr>
  <tr>
    <td align=""center""><img src=""http://image.rakuten.co.jp/guy0084/cabinet/parts/mobile-cart.gif"" alt=""携帯から注文する"" width=""215"" height=""100"" border=""0"" /></td>
    <td align=""center""><img src=""http://image.rakuten.co.jp/guy0084/cabinet/qr-code-003/13-6283-a.jpg"" alt=""携帯へアクセス"" width=""111"" height=""111"" border=""0""></td>
  </tr>
  </table>
</center>
<!--QRコードend-->
<!--ギフトアイコン-->
<center>
<table border=""0"" cellspacing=""0"" cellpadding=""2"">
<tr>
<td valign=""middle"" nowrap><font size=""-1"">ギフト対応<br>
  詳しくはコチラ</font></td>
<td valign=""baseline"">
<img src=""http://image.rakuten.co.jp/guy0084/cabinet/parts/icon_wrapping.gif"" alt=""ラッピング対応"" width=""100"" height=""21"" hspace=""1"">
<img src=""http://image.rakuten.co.jp/guy0084/cabinet/parts/icon_noshi.gif"" alt=""のし対応"" width=""100"" height=""21"" hspace=""1"">
<img src=""http://image.rakuten.co.jp/guy0084/cabinet/parts/icon_noshi_kimei.gif"" alt=""のし記名可"" width=""100"" height=""21"" hspace=""1""></td>
</tr>
</table>
<br><img src=""http://www.rakuten.ne.jp/gold/guy0084/parts/space.gif"" width=""1"" height=""10"" alt="""" /><br>
</center>
<!--ギフトアイコンend-->
<center><!--イベント-->
<img src=""http://www.rakuten.ne.jp/gold/guy0084/parts/space.gif"" width=""1"" height=""5"" alt=""""><br>

<table  width=""355"" border=""3"" bordercolor=""#1F0B09"" frame=""box"">
  <tr>
    <td width=""30%""  align=""center"" valign=""middle"" style=""border: 1px solid black;""><font size=""2"">ブランド</font></td>
    <td style=""border: 1px solid black;"" width=""70%""><font size=""2"">Agis M&R【エィジス エムアンドアール】</font></td>
  </tr>
  <tr>
    <td width=""30%"" height=""8"" align=""center"" style=""border: 1px solid black;""><font size=""2"">サイズ</font></td>
    <td style=""border: 1px solid black;"" width=""70%""><font size=""2"">76、79、82、85、88、91、94、97、100</font></td>
  </tr>
  <tr>
    <td width=""30%"" align=""center"" valign=""middle"" style=""border: 1px solid black;""><font size=""2"">素材</font></td>
    <td style=""border: 1px solid black;"" width=""70%""><font size=""2"">表地：ポリエステル100％</font></td>
  </tr>
  <tr>
    <td width=""30%"" align=""center"" valign=""middle"" style=""border: 1px solid black;""><font size=""2"">カラー</font></td>
    <td style=""border: 1px solid black;"" width=""70%""><font size=""2"">ブラック/織<div align=""center"">

<div align=""center"">
     <img src=""https://image.rakuten.co.jp/guy0084/cabinet/campaign/0506_mara_1000.gif"" alt=""1000円クーポンプレゼント"" width=""616"" height=""120"" border=""0""><br><br>
<img src=""https://image.rakuten.co.jp/guy0084/cabinet/campaign/0506_mara_500.gif"" alt=""500円クーポンプレゼント"" width=""616"" height=""120"" border=""0""><br><br>
<img src=""https://image.rakuten.co.jp/guy0084/cabinet/campaign/0506_mara_300.gif"" alt=""300円クーポンプレゼント"" width=""616"" height=""120"" border=""0""><br><br>
<img src=""https://image.rakuten.co.jp/guy0084/cabinet/campaign/0519_social_cupon.jpg"" alt=""200円クーポンプレゼント"" width=""616"" height=""120"" border=""0""><br><br>
</div>
<p>
<img src=""http://image.rakuten.co.jp/guy0084/cabinet/campaign/cool-sp2016_01-n.jpg"" alt=""クール仕立て"" width=""616"" height=""120"" border=""0"">
</p>
<img src=""http://image.rakuten.co.jp/guy0084/cabinet/parts/welcome-600.gif"" alt=""ご来店ありがとうございます"" width=""600"" height=""30"" border=""0"">
<br><img src=""http://www.rakuten.ne.jp/gold/guy0084/parts/space.gif"" width=""5"" height=""5"" alt=""""><br>
<!--GoQSystemランキング自動更新ツールワイド-->
<table align=""center"" width=""600"" border=""0"" cellpadding=""0"" cellspacing=""0"" bgcolor=""#FFFFFF"">
<tr>
<td>
<table align=""center"" width=""600"" border=""0"" cellpadding=""0"" cellspacing=""0"" bgcolor=""#FFFFFF"">
<tr>
<td align=""center"" valign=""bottom"" bgcolor=""#cccccc""><img src=""http://www.rakuten.ne.jp/gold/guy0084/goqsystem/600rankingtitel.gif"" width=""600"" /></td>
</tr>
</table>
<table align=""center"" width=""596"" border=""0"" cellpadding=""0"" cellspacing=""0"" bgcolor=""#CCCCCC"" style=""border-left:solid;border-left-width:1px;border-right:solid;border-right-width:1px;border-bottom:solid;border-bottom-width:1px;border-color:#CCCCCC;"">
<tr>
<td align=""center"" bgcolor=""#FFFFFF"">
<div class=""ifrm-container"" style=""width:598px;height:460px;overflow:auto;-webkit-overflow-scrolling:touch;"">

</div>
</td>
</tr>
<tr>
<td align=""right"" bgcolor=""#FFFFFF"" style=""padding:2px;"">
<img src=""http://www.rakuten.ne.jp/gold/guy0084/goqsystem/powered_by_banner.gif"" width=""125"" />
</td>
</tr>
</table>
</td>
</tr>
</table>
<!--GoQSystemランキング自動更新ツールワイド-->
</div>",Agis M＆R【エィジス エムアンドアール】スラックス【ブラック】【SALL】【auktn_50off】【楽天ランキング】【父の日】：オーダースーツ ＧＵＹ0084,オーダースーツオーダーシャツドレスシャツレディースオーダーシャツAgis M＆R【エィジス エムアンドアール】スラックス【ブラック】【SALL】【auktn_50off】【楽天ランキング】【父の日】,【送料無料】【春夏物】。Agis M＆R【エィジス エムアンドアール】スラックス【ブラック】【SALL】【auktn_50off】【楽天ランキング】【父の日】[rn]
13-87912,http://tshop.r10s.jp/guy0084/cabinet/off-img/slacks/1067-a_m.jpg?fitin=700:700,5511.2000,,メンズファッション > ズボン・パンツ,Agis M＆R【エィジス エムアンドアール】ツータックスラックス/パンツ/ボトムス【ブラック】【SALL】【お取り寄せ】【auktn_50off】【2013/12/8】【楽天ランキング】【父の日】,【秋冬物】【送料無料】,"<!--QRコード-->
<center>
<table width=""355"" border=""0"" cellspacing=""0"" cellpadding=""0"">
<tr>
    <td colspan=""2"" align=""center""><font size=""2"" color=""#800000""><!-- 携帯ポイント企画 --></font><br>
<img src=""http://image.rakuten.co.jp/guy0084/cabinet/parts/souryou_bn01.gif"" alt=""送料のご案内"" width=""410"" height=""80"" border=""0""><br><font size=""2"">発送からのお届け予定日時間帯</font></td>
    </tr>
  <tr>
    <td align=""center""><img src=""http://image.rakuten.co.jp/guy0084/cabinet/parts/mobile-cart.gif"" alt=""携帯から注文する"" width=""215"" height=""100"" border=""0"" /></td>
    <td align=""center""><img src=""http://image.rakuten.co.jp/guy0084/cabinet/qr-code-003/1067-a.jpg"" alt=""携帯へアクセス"" width=""111"" height=""111"" border=""0""></td>
  </tr>
  </table>
</center>
<!--QRコードend-->
<!--ギフトアイコン-->
<center>
<table border=""0"" cellspacing=""0"" cellpadding=""2"">
<tr>
<td valign=""middle"" nowrap><font size=""-1"">ギフト対応<br>
  詳しくはコチラ</font></td>
<td valign=""baseline"">
<img src=""http://image.rakuten.co.jp/guy0084/cabinet/parts/icon_wrapping.gif"" alt=""ラッピング対応"" width=""100"" height=""21"" hspace=""1"">
<img src=""http://image.rakuten.co.jp/guy0084/cabinet/parts/icon_noshi.gif"" alt=""のし対応"" width=""100"" height=""21"" hspace=""1"">
<img src=""http://image.rakuten.co.jp/guy0084/cabinet/parts/icon_noshi_kimei.gif"" alt=""のし記名可"" width=""100"" height=""21"" hspace=""1""></td>
</tr>
</table>
<br><img src=""http://www.rakuten.ne.jp/gold/guy0084/parts/space.gif"" width=""1"" height=""10"" alt="""" /><br>
</center>
<!--ギフトアイコンend-->
<center><!--イベント用-->
<table  width=""355"" border=""3"" bordercolor=""#1F0B09"" frame=""box"">
  <tr>
    <td width=""30%""  align=""center"" valign=""middle"" style=""border: 1px solid black;""><font size=""2"">ブランド</font></td>
    <td style=""border: 1px solid black;"" width=""70%""><font size=""2"">Agis M&R【エィジス エムアンドアール】</font></td>
  </tr>
  <tr>
    <td width=""30%"" height=""8"" align=""center"" style=""border: 1px solid black;""><font size=""2"">サイズ</font></td>
    <td style=""border: 1px solid black;"" width=""70%""><font size=""2"">91</font></td>
  </tr>
  <tr>
    <td width=""30%"" align=""center"" valign=""middle"" style=""border: 1px solid black;""><font size=""2"">素材</font></td>
    <td style=""border: 1px solid black;"" width=""70%""><font size=""2"">ポリエステル100％</font></td>
  </tr>
  <tr>
    <td width=""30%"" align=""center"" valign=""middle"" style=""border: 1px solid black;""><font size=""2"">カラー</font></td>
    <td style=""border: 1px solid black;"" width=""70%""><font size=""2"">ブラック</font></td>
  </tr>
  <tr>
    <td width=""30%"" align=""center"" valign=""middle"" style=""border: 1px solid black;""><font size=""2"">スタイル</font></td>
    <td style=""border: 1px solid black;"" width=""70%""><font size=""2"">ジャケット（ブレザー）、ブルゾン（ジャンバー）<br>ワイシャツ、カッターシャツ<br>ドレスシャツ、ビジネススタイル<br>スーツスタイル、オフィススタイル<br>パーティ、クリスマス、<br>婚活、結婚式、披露宴、２次会</font></td>
  </tr>
  <tr>
    <td width=""30%"" align=""center"" valign=""middle"" style=""border: 1px solid black;""><font size=""2"">洗濯表示</font></td>
    <td width=""70%"" valign=""middle"" style=""border: 1px solid black;"">
<img src=""http://image.rakuten.co.jp/guy0084/cabinet/parts/laundry18.gif"" width=""43"" height=""43"" />
<img src=""http://image.rakuten.co.jp/guy0084/cabinet/parts/laundry02.gif"" width=""43"" height=""43"" />
<img src=""http://image.rakuten.co.jp/guy0084/cabinet/parts/laundry26.gif"" width=""43"" height=""43"" /><br>
<img src=""http://image.rakuten.co.jp/guy0084/cabinet/parts/laundry21.gif"" width=""43"" height=""43"" />
<img src=""http://image.rakuten.co.jp/guy0084/cabinet/parts/laundry06.gif"" width=""43"" height=""43"" />
<img src=""http://image.rakuten.co.jp/guy0084/cabinet/parts/laundry01.gif"" width=""43"" height=""43"" />

</td>
  </tr>
  <tr>
    <td colspan=""2"" bgcolor=""#ede4cd"" style=""border: 1px solid black;"" height=""8""><font size=""2"">【Key Word】</font></td>
  </tr>
  <tr>
    <td style=""border: 1px solid black;"" colspan=""2""><font size=""2"">2タック、MEN'S（メンズ）、パンツ</font></td>
  </tr>
  <tr>
    <td colspan=""2"" bgcolor=""#ede4cd"" style=""border: 1px solid black;"" height=""8""><font size=""2"">ギフト包装、プレゼント包装、のし対応</font></td>
  </tr>
    <tr>
    <td style=""border: 1px solid black;"" colspan=""2""><font size=""2"">お誕生日、昇進祝い、内祝い、バレンタインデー、クリスマス<br>入学祝い、卒業祝い、就職祝い、成人式<br>父の日、敬老の日 等　各種承っております。</font></td>
  </tr>
  <tr>
    <td colspan=""2"" style=""border: 1px solid black;"" bgcolor=""#990000"" height=""8""><font color=""#FFFFFF"" size=""2"">【注意事項】</font></td>
  </tr>
  <tr>
    <td style=""border: 1px solid black;"" colspan=""2""><font size=""2"">コチラの商品は一部メーカー取り寄せ商品の為、<br>発送に５営業日かかる場合がございます。<br><br>在庫の管理には万全を期しておりますが、メーカーでの<br>在庫状況（完売）により、ご注文を変更またはキャンセル<br>させて頂く場合がございます事を予めご了承くださいませ。</font></td>
  </tr> 
  <tr>
    <td colspan=""2"" bgcolor=""#000000"" style=""border: 1px solid black;"" height=""8""><font size=""2"" color=""white"">必ずお読みください</font></td>
  </tr>
  <tr>
    <td style=""border: 1px solid black;"" colspan=""2""><font size=""2"">ご使用のモニターによって、商品画像の色が<br>
            異なって見えることがあります。<br>
            あらかじめ、ご了承頂きますよう、お願い申し上げます。<br>
            ご購入の際は、表記カラーをご確認の上<br>
            お買い求めください。<br><br>実店舗での販売も行っている為、<br>ご注文頂いたタイミングによって在庫が無い場合もございます。<br>その際は、メール等でご連絡させて頂きます。<br>ご了承くださいませ。<br><br>
    商品についての詳細はメールor直接店舗の方に<br>お電話下さい。</font></td>
  </tr>
  <tr>
    <td style=""border: 1px solid black;"" colspan=""2""><font size=""2"">ご購入前にサイズ表を必ずご確認ください。<br />
      サイズ表はコチラ</font><br><font size=""-2"">Copyright(C) メンズショップ ガイ All rights reserved.</font></td>
  </tr>
<tr><td style=""border: 1px solid black;"" colspan=""2"" align=""right""><font size=""2"">  2013/12/8【入荷】</font></td></tr>
</table>
</center><div align=""center"">

<div align=""center"">
     <img src=""https://image.rakuten.co.jp/guy0084/cabinet/campaign/0506_mara_1000.gif"" alt=""1000円クーポンプレゼント"" width=""616"" height=""120"" border=""0""><br><br>
<img src=""https://image.rakuten.co.jp/guy0084/cabinet/campaign/0506_mara_500.gif"" alt=""500円クーポンプレゼント"" width=""616"" height=""120"" border=""0""><br><br>
<img src=""https://image.rakuten.co.jp/guy0084/cabinet/campaign/0506_mara_300.gif"" alt=""300円クーポンプレゼント"" width=""616"" height=""120"" border=""0""><br><br>
<img src=""https://image.rakuten.co.jp/guy0084/cabinet/campaign/0519_social_cupon.jpg"" alt=""200円クーポンプレゼント"" width=""616"" height=""120"" border=""0""><br><br>
</div>
<p>
<img src=""http://image.rakuten.co.jp/guy0084/cabinet/campaign/cool-sp2016_01-n.jpg"" alt=""クール仕立て"" width=""616"" height=""120"" border=""0"">
</p>
<img src=""http://image.rakuten.co.jp/guy0084/cabinet/parts/welcome-600.gif"" alt=""ご来店ありがとうございます"" width=""600"" height=""30"" border=""0"">
<br><img src=""http://www.rakuten.ne.jp/gold/guy0084/parts/space.gif"" width=""5"" height=""5"" alt=""""><br>
<!--GoQSystemランキング自動更新ツールワイド-->
<table align=""center"" width=""600"" border=""0"" cellpadding=""0"" cellspacing=""0"" bgcolor=""#FFFFFF"">
<tr>
<td>
<table align=""center"" width=""600"" border=""0"" cellpadding=""0"" cellspacing=""0"" bgcolor=""#FFFFFF"">
<tr>
<td align=""center"" valign=""bottom"" bgcolor=""#cccccc""><img src=""http://www.rakuten.ne.jp/gold/guy0084/goqsystem/600rankingtitel.gif"" width=""600"" /></td>
</tr>
</table>
<table align=""center"" width=""596"" border=""0"" cellpadding=""0"" cellspacing=""0"" bgcolor=""#CCCCCC"" style=""border-left:solid;border-left-width:1px;border-right:solid;border-right-width:1px;border-bottom:solid;border-bottom-width:1px;border-color:#CCCCCC;"">
<tr>
<td align=""center"" bgcolor=""#FFFFFF"">
<div class=""ifrm-container"" style=""width:598px;height:460px;overflow:auto;-webkit-overflow-scrolling:touch;"">

</div>
</td>
</tr>
<tr>
<td align=""right"" bgcolor=""#FFFFFF"" style=""padding:2px;"">
<img src=""http://www.rakuten.ne.jp/gold/guy0084/goqsystem/powered_by_banner.gif"" width=""125"" />
</td>
</tr>
</table>
</td>
</tr>
</table>
<!--GoQSystemランキング自動更新ツールワイド-->
</div>",Agis M＆R【エィジス エムアンドアール】ツータックスラックス/パンツ/ボトムス【ブラック】【SALL】【お取り寄せ】【auktn_50off】【2013/12/8】【楽天ランキング】【父の日】：オーダースーツ ＧＵＹ0084,オーダースーツオーダーシャツドレスシャツレディースオーダーシャツAgis M＆R【エィジス エムアンドアール】ツータックスラックス/パンツ/ボトムス【ブラック】【SALL】【お取り寄せ】【auktn_50off】【2013/12/8】【楽天ランキング】【父の日】,【秋冬物】【送料無料】。Agis M＆R【エィジス エムアンドアール】ツータックスラックス/パンツ/ボトムス【ブラック】【SALL】【お取り寄せ】【auktn_50off】【2013/12/8】【楽天ランキング】【父の日】[rn]
13-87913,http://tshop.r10s.jp/guy0084/cabinet/pants-02/13-80113-a_m.jpg?fitin=700:700,5844.8000,,メンズファッション > ズボン・パンツ,Agis M＆R【エィジス エムアンドアール】スラックス【グレー】【SALL】【auktn_50off】【楽天ランキング】【父の日】,【送料無料】【春夏物】,"<!--QRコード-->
<center>
<table width=""355"" border=""0"" cellspacing=""0"" cellpadding=""0"">
<tr>
    <td colspan=""2"" align=""center""><font size=""2"" color=""#800000""><!-- 携帯ポイント企画 --></font><br>
<img src=""http://image.rakuten.co.jp/guy0084/cabinet/parts/souryou_bn01.gif"" alt=""送料のご案内"" width=""410"" height=""80"" border=""0""><br><font size=""2"">発送からのお届け予定日時間帯</font></td>
    </tr>
  <tr>
    <td align=""center""><img src=""http://image.rakuten.co.jp/guy0084/cabinet/parts/mobile-cart.gif"" alt=""携帯から注文する"" width=""215"" height=""100"" border=""0"" /></td>
    <td align=""center""><img src=""http://image.rakuten.co.jp/guy0084/cabinet/qr-code-003/13-80113-a.jpg"" alt=""携帯へアクセス"" width=""111"" height=""111"" border=""0""></td>
  </tr>
  </table>
</center>
<!--QRコードend-->
<!--ギフトアイコン-->
<center>
<table border=""0"" cellspacing=""0"" cellpadding=""2"">
<tr>
<td valign=""middle"" nowrap><font size=""-1"">ギフト対応<br>
  詳しくはコチラ</font></td>
<td valign=""baseline"">
<img src=""http://image.rakuten.co.jp/guy0084/cabinet/parts/icon_wrapping.gif"" alt=""ラッピング対応"" width=""100"" height=""21"" hspace=""1"">
<img src=""http://image.rakuten.co.jp/guy0084/cabinet/parts/icon_noshi.gif"" alt=""のし対応"" width=""100"" height=""21"" hspace=""1"">
<img src=""http://image.rakuten.co.jp/guy0084/cabinet/parts/icon_noshi_kimei.gif"" alt=""のし記名可"" width=""100"" height=""21"" hspace=""1""></td>
</tr>
</table>
<br><img src=""http://www.rakuten.ne.jp/gold/guy0084/parts/space.gif"" width=""1"" height=""10"" alt="""" /><br>
</center>
<!--ギフトアイコンend-->
<center><!--イベント-->
<img src=""http://www.rakuten.ne.jp/gold/guy0084/parts/space.gif"" width=""1"" height=""5"" alt=""""><br>

<table  width=""355"" border=""3"" bordercolor=""#1F0B09"" frame=""box"">
  <tr>
    <td width=""30%""  align=""center"" valign=""middle"" style=""border: 1px solid black;""><font size=""2"">ブランド</font></td>
    <td style=""border: 1px solid black;"" width=""70%""><font size=""2"">Agis M&R【エィジス エムアンドアール】</font></td>
  </tr>
  <tr>
    <td width=""30%"" height=""8"" align=""center"" style=""border: 1px solid black;""><font size=""2"">サイズ</font></td>
    <td style=""border: 1px solid black;"" width=""70%""><font size=""2"">76、79、82、85、88、91、94、97、100</font></td>
  </tr>
  <tr>
    <td width=""30%"" align=""center"" valign=""middle"" style=""border: 1px solid black;""><font size=""2"">素材</font></td>
    <td style=""border: 1px solid black;"" width=""70%""><font size=""2"">表地：ポリエステル100％</font></td>
  </tr>
  <tr>
    <td width=""30%"" align=""center"" valign=""middle"" style=""border: 1px solid black;""><font size=""2"">カラー</font></td>
    <td style=""border: 1px solid black;"" width=""70%""><font size=""2"">ダークグレー/ストライプ<br>（ライトブラック）</font></td>
  </tr>
  <tr>
    <td width=""30%"" align=""center"" valign=""middle"" style=""border: 1px solid black;""><font size=""2"">スタイル</font></td>
    <td style=""border: 1px solid black;"" width=""70%""><font size=""2"">ジャケット（ブレザー）、ブルゾン（ジャンバー）<br>ワイシャツ、カッターシャツ<br>ドレスシャツ、ビジネススタイル<br>スーツスタイル、オフィススタイル<br>パーティ、クリスマス、<br>婚活、結婚式、披露宴、２次会</font></td>
  </tr>
  <tr>
    <td width=""30%"" align=""center"" valign=""middle"" style=""border: 1px solid black;""><font size=""2"">洗濯表示</font></td>
    <td width=""70%"" valign=""middle"" style=""border: 1px solid black;"">
<img src=""http://image.rakuten.co.jp/guy0084/cabinet/parts/laundry04.gif"" width=""43"" height=""43"" />
<img src=""http://image.rakuten.co.jp/guy0084/cabinet/parts/laundry02.gif"" width=""43"" height=""43"" />
<img src=""http://image.rakuten.co.jp/guy0084/cabinet/parts/laundry03.gif"" width=""43"" height=""43"" />
<img src=""http://image.rakuten.co.jp/guy0084/cabinet/parts/laundry08.gif"" width=""43"" height=""43"" />
<img src=""http://image.rakuten.co.jp/guy0084/cabinet/parts/laundry00.gif"" width=""43"" height=""43"" />
<font size=""2"">ネット使用</font>
</td>
  </tr>
  <tr>
    <td colspan=""2"" bgcolor=""#ede4cd"" style=""border: 1px solid black;"" height=""8""><font size=""2"">【Key Word】</font></td>
  </tr>
  <tr>
    <td style=""border: 1px solid black;"" colspan=""2""><font size=""2"">MEN'S（メンズ）、パンツ<br>ゴルフ、会合、婚活、寄り合い、旅行<br>2タック</font></td>
  </tr>
  <tr>
    <td colspan=""2"" bgcolor=""#ede4cd"" style=""border: 1px solid black;"" height=""8""><font size=""2"">ギフト包装、プレゼント包装、のし対応</font></td>
  </tr>
  <tr>
    <td style=""border: 1px solid black;"" colspan=""2""><font size=""2"">お誕生日、昇進祝い、内祝い、バレンタインデー、クリスマス<br>入学祝い、卒業祝い、就職祝い、成人式<br>父の日、敬老の日 等　各種承っております。</font></td>
  </tr>
  <tr>
    <td colspan=""2"" bgcolor=""#000000"" style=""border: 1px solid black;"" height=""8""><font size=""2"" color=""white"">必ずお読みください</font></td>
  </tr>
  <tr>
    <td style=""border: 1px solid black;"" colspan=""2""><font size=""2"">ご使用のモニターによって、商品画像の色が<br>
            異なって見えることがあります。<br>
            あらかじめ、ご了承頂きますよう、お願い申し上げます。<br>
            ご購入の際は、表記カラーをご確認の上<br>
            お買い求めください。<br><br>実店舗での販売も行っている為、<br>ご注文頂いたタイミングによって在庫が無い場合もございます。<br>その際は、メール等でご連絡させて頂きます。<br>ご了承くださいませ。<br><br>
    商品についての詳細はメールor直接店舗の方に<br>お電話下さい。</font></td>
  </tr>
  <tr>
    <td style=""border: 1px solid black;"" colspan=""2""><font size=""2"">ご購入前にサイズ表を必ずご確認ください。<br />
      サイズ表はコチラ</font><br><font size=""-2"">Copyright(C) メンズショップ ガイ All rights reserved.</font></td>
  </tr>
<tr><td style=""border: 1px solid black;"" colspan=""2"" align=""right""><font size=""2"">2012/6/22【入荷】</font></td></tr>
</table>
<!カラーリンク>
<br>
<table width=""350"" border=""0"" height=""90"">
  <tr> 
    <td align=""center"" colspan=""2""><font size=""-1"">他のカラーはコチラです</font></td>
  </tr>
  <tr> 
    <td align=""center"" width=""50%""><img src=""http://image.rakuten.co.jp/guy0084/cabinet/pants-02/13-80113-a_1.jpg"" width=""90"" height=""90"" border=""0"" alt=""ダークグレー/ストライプ""> 
      </td>
    <td align=""center"" width=""50%""><img src=""http://image.rakuten.co.jp/guy0084/cabinet/pants-02/13-80113-b_1.jpg"" width=""90"" height=""90"" border=""0"" alt=""ブラック""> 
      </td>
  </tr>
</table>
</center><div align=""center"">

<div align=""center"">
     <img src=""https://image.rakuten.co.jp/guy0084/cabinet/campaign/0506_mara_1000.gif"" alt=""1000円クーポンプレゼント"" width=""616"" height=""120"" border=""0""><br><br>
<img src=""https://image.rakuten.co.jp/guy0084/cabinet/campaign/0506_mara_500.gif"" alt=""500円クーポンプレゼント"" width=""616"" height=""120"" border=""0""><br><br>
<img src=""https://image.rakuten.co.jp/guy0084/cabinet/campaign/0506_mara_300.gif"" alt=""300円クーポンプレゼント"" width=""616"" height=""120"" border=""0""><br><br>
<img src=""https://image.rakuten.co.jp/guy0084/cabinet/campaign/0519_social_cupon.jpg"" alt=""200円クーポンプレゼント"" width=""616"" height=""120"" border=""0""><br><br>
</div>
<p>
<img src=""http://image.rakuten.co.jp/guy0084/cabinet/campaign/cool-sp2016_01-n.jpg"" alt=""クール仕立て"" width=""616"" height=""120"" border=""0"">
</p>
<img src=""http://image.rakuten.co.jp/guy0084/cabinet/parts/welcome-600.gif"" alt=""ご来店ありがとうございます"" width=""600"" height=""30"" border=""0"">
<br><img src=""http://www.rakuten.ne.jp/gold/guy0084/parts/space.gif"" width=""5"" height=""5"" alt=""""><br>
<!--GoQSystemランキング自動更新ツールワイド-->
<table align=""center"" width=""600"" border=""0"" cellpadding=""0"" cellspacing=""0"" bgcolor=""#FFFFFF"">
<tr>
<td>
<table align=""center"" width=""600"" border=""0"" cellpadding=""0"" cellspacing=""0"" bgcolor=""#FFFFFF"">
<tr>
<td align=""center"" valign=""bottom"" bgcolor=""#cccccc""><img src=""http://www.rakuten.ne.jp/gold/guy0084/goqsystem/600rankingtitel.gif"" width=""600"" /></td>
</tr>
</table>
<table align=""center"" width=""596"" border=""0"" cellpadding=""0"" cellspacing=""0"" bgcolor=""#CCCCCC"" style=""border-left:solid;border-left-width:1px;border-right:solid;border-right-width:1px;border-bottom:solid;border-bottom-width:1px;border-color:#CCCCCC;"">
<tr>
<td align=""center"" bgcolor=""#FFFFFF"">
<div class=""ifrm-container"" style=""width:598px;height:460px;overflow:auto;-webkit-overflow-scrolling:touch;"">

</div>
</td>
</tr>
<tr>
<td align=""right"" bgcolor=""#FFFFFF"" style=""padding:2px;"">
<img src=""http://www.rakuten.ne.jp/gold/guy0084/goqsystem/powered_by_banner.gif"" width=""125"" />
</td>
</tr>
</table>
</td>
</tr>
</table>
<!--GoQSystemランキング自動更新ツールワイド-->
</div>",Agis M＆R【エィジス エムアンドアール】スラックス【グレー】【SALL】【auktn_50off】【楽天ランキング】【父の日】：オーダースーツ ＧＵＹ0084,オーダースーツオーダーシャツドレスシャツレディースオーダーシャツAgis M＆R【エィジス エムアンドアール】スラックス【グレー】【SALL】【auktn_50off】【楽天ランキング】【父の日】,【送料無料】【春夏物】。Agis M＆R【エィジス エムアンドアール】スラックス【グレー】【SALL】【auktn_50off】【楽天ランキング】【父の日】[rn]
13-87914,http://tshop.r10s.jp/guy0084/cabinet/off-img/slacks/00117-b_m.jpg?fitin=700:700,5511.2000,,メンズファッション > ズボン・パンツ,Agis M＆R【エィジス エムアンドアール】ツータックスラックス/パンツ/ボトムス【グレー】【SALL】【お取り寄せ】【auktn_50off】【2013/12/8】【楽天ランキング】【父の日】,【秋冬物】【送料無料】,"<!--QRコード-->
<center>
<table width=""355"" border=""0"" cellspacing=""0"" cellpadding=""0"">
<tr>
    <td colspan=""2"" align=""center""><font size=""2"" color=""#800000""><!-- 携帯ポイント企画 --></font><br>
<img src=""http://image.rakuten.co.jp/guy0084/cabinet/parts/souryou_bn01.gif"" alt=""送料のご案内"" width=""410"" height=""80"" border=""0""><br><font size=""2"">発送からのお届け予定日時間帯</font></td>
    </tr>
  <tr>
    <td align=""center""><img src=""http://image.rakuten.co.jp/guy0084/cabinet/parts/mobile-cart.gif"" alt=""携帯から注文する"" width=""215"" height=""100"" border=""0"" /></td>
    <td align=""center""><img src=""http://image.rakuten.co.jp/guy0084/cabinet/qr-code-003/00117-b.jpg"" alt=""携帯へアクセス"" width=""111"" height=""111"" border=""0""></td>
  </tr>
  </table>
</center>
<!--QRコードend-->
<!--ギフトアイコン-->
<center>
<table border=""0"" cellspacing=""0"" cellpadding=""2"">
<tr>
<td valign=""middle"" nowrap><font size=""-1"">ギフト対応<br>
  詳しくはコチラ</font></td>
<td valign=""baseline"">
<img src=""http://image.rakuten.co.jp/guy0084/cabinet/parts/icon_wrapping.gif"" alt=""ラッピング対応"" width=""100"" height=""21"" hspace=""1"">
<img src=""http://image.rakuten.co.jp/guy0084/cabinet/parts/icon_noshi.gif"" alt=""のし対応"" width=""100"" height=""21"" hspace=""1"">
<img src=""http://image.rakuten.co.jp/guy0084/cabinet/parts/icon_noshi_kimei.gif"" alt=""のし記名可"" width=""100"" height=""21"" hspace=""1""></td>
</tr>
</table>
<br><img src=""http://www.rakuten.ne.jp/gold/guy0084/parts/space.gif"" width=""1"" height=""10"" alt="""" /><br>
</center>
<!--ギフトアイコンend-->
<center><!--イベント用-->
<table  width=""355"" border=""3"" bordercolor=""#1F0B09"" frame=""box"">
  <tr>
    <td width=""30%""  align=""center"" valign=""middle"" style=""border: 1px solid black;""><font size=""2"">ブランド</font></td>
    <td style=""border: 1px solid black;"" width=""70%""><font size=""2"">Agis M&R【エィジス エムアンドアール】</font></td>
  </tr>
  <tr>
    <td width=""30%"" height=""8"" align=""center"" style=""border: 1px solid black;""><font size=""2"">サイズ</font></td>
    <td style=""border: 1px solid black;"" width=""70%""><font size=""2"">82、88、91、94、100</font></td>
  </tr>
  <tr>
    <td width=""30%"" align=""center"" valign=""middle"" style=""border: 1px solid black;""><font size=""2"">素材</font></td>
    <td style=""border: 1px solid black;"" width=""70%""><font size=""2"">ポリエステル92％、指定外繊維8％</font></td>
  </tr>
  <tr>
    <td width=""30%"" align=""center"" valign=""middle"" style=""border: 1px solid black;""><font size=""2"">カラー</font></td>
    <td style=""border: 1px solid black;"" width=""70%""><font size=""2"">グレー</font></td>
  </tr>
  <tr>
    <td width=""30%"" align=""center"" valign=""middle"" style=""border: 1px solid black;""><font size=""2"">スタイル</font></td>
    <td style=""border: 1px solid black;"" width=""70%""><font size=""2"">ジャケット（ブレザー）、ブルゾン（ジャンバー）<br>ワイシャツ、カッターシャツ<br>ドレスシャツ、ビジネススタイル<br>スーツスタイル、オフィススタイル<br>パーティ、クリスマス、<br>婚活、結婚式、披露宴、２次会</font></td>
  </tr>
  <tr>
    <td width=""30%"" align=""center"" valign=""middle"" style=""border: 1px solid black;""><font size=""2"">洗濯表示</font></td>
    <td width=""70%"" valign=""middle"" style=""border: 1px solid black;"">
<img src=""http://image.rakuten.co.jp/guy0084/cabinet/parts/laundry05.gif"" width=""43"" height=""43"" />
<img src=""http://image.rakuten.co.jp/guy0084/cabinet/parts/laundry02.gif"" width=""43"" height=""43"" />
<img src=""http://image.rakuten.co.jp/guy0084/cabinet/parts/laundry03.gif"" width=""43"" height=""43"" />
<img src=""http://image.rakuten.co.jp/guy0084/cabinet/parts/laundry08.gif"" width=""43"" height=""43"" />
<img src=""http://image.rakuten.co.jp/guy0084/cabinet/parts/laundry00.gif"" width=""43"" height=""43"" />

</td>
  </tr>
  <tr>
    <td colspan=""2"" bgcolor=""#ede4cd"" style=""border: 1px solid black;"" height=""8""><font size=""2"">【Key Word】</font></td>
  </tr>
  <tr>
    <td style=""border: 1px solid black;"" colspan=""2""><font size=""2"">2タック、MEN'S（メンズ）、パンツ</font></td>
  </tr>
  <tr>
    <td colspan=""2"" bgcolor=""#ede4cd"" style=""border: 1px solid black;"" height=""8""><font size=""2"">ギフト包装、プレゼント包装、のし対応</font></td>
  </tr>
    <tr>
    <td style=""border: 1px solid black;"" colspan=""2""><font size=""2"">お誕生日、昇進祝い、内祝い、バレンタインデー、クリスマス<br>入学祝い、卒業祝い、就職祝い、成人式<br>父の日、敬老の日 等　各種承っております。</font></td>
  </tr>
  <tr>
    <td colspan=""2"" style=""border: 1px solid black;"" bgcolor=""#990000"" height=""8""><font color=""#FFFFFF"" size=""2"">【注意事項】</font></td>
  </tr>
  <tr>
    <td style=""border: 1px solid black;"" colspan=""2""><font size=""2"">コチラの商品は一部メーカー取り寄せ商品の為、<br>発送に５営業日かかる場合がございます。<br><br>在庫の管理には万全を期しておりますが、メーカーでの<br>在庫状況（完売）により、ご注文を変更またはキャンセル<br>させて頂く場合がございます事を予めご了承くださいませ。</font></td>
  </tr> 
  <tr>
    <td colspan=""2"" bgcolor=""#000000"" style=""border: 1px solid black;"" height=""8""><font size=""2"" color=""white"">必ずお読みください</font></td>
  </tr>
  <tr>
    <td style=""border: 1px solid black;"" colspan=""2""><font size=""2"">ご使用のモニターによって、商品画像の色が<br>
            異なって見えることがあります。<br>
            あらかじめ、ご了承頂きますよう、お願い申し上げます。<br>
            ご購入の際は、表記カラーをご確認の上<br>
            お買い求めください。<br><br>実店舗での販売も行っている為、<br>ご注文頂いたタイミングによって在庫が無い場合もございます。<br>その際は、メール等でご連絡させて頂きます。<br>ご了承くださいませ。<br><br>
    商品についての詳細はメールor直接店舗の方に<br>お電話下さい。</font></td>
  </tr>
  <tr>
    <td style=""border: 1px solid black;"" colspan=""2""><font size=""2"">ご購入前にサイズ表を必ずご確認ください。<br />
      サイズ表はコチラ</font><br><font size=""-2"">Copyright(C) メンズショップ ガイ All rights reserved.</font></td>
  </tr>
<tr><td style=""border: 1px solid black;"" colspan=""2"" align=""right""><font size=""2"">  2013/12/8【入荷】</font></td></tr>
</table>
</center><div align=""center"">

<div align=""center"">
     <img src=""https://image.rakuten.co.jp/guy0084/cabinet/campaign/0506_mara_1000.gif"" alt=""1000円クーポンプレゼント"" width=""616"" height=""120"" border=""0""><br><br>
<img src=""https://image.rakuten.co.jp/guy0084/cabinet/campaign/0506_mara_500.gif"" alt=""500円クーポンプレゼント"" width=""616"" height=""120"" border=""0""><br><br>
<img src=""https://image.rakuten.co.jp/guy0084/cabinet/campaign/0506_mara_300.gif"" alt=""300円クーポンプレゼント"" width=""616"" height=""120"" border=""0""><br><br>
<img src=""https://image.rakuten.co.jp/guy0084/cabinet/campaign/0519_social_cupon.jpg"" alt=""200円クーポンプレゼント"" width=""616"" height=""120"" border=""0""><br><br>
</div>
<p>
<img src=""http://image.rakuten.co.jp/guy0084/cabinet/campaign/cool-sp2016_01-n.jpg"" alt=""クール仕立て"" width=""616"" height=""120"" border=""0"">
</p>
<img src=""http://image.rakuten.co.jp/guy0084/cabinet/parts/welcome-600.gif"" alt=""ご来店ありがとうございます"" width=""600"" height=""30"" border=""0"">
<br><img src=""http://www.rakuten.ne.jp/gold/guy0084/parts/space.gif"" width=""5"" height=""5"" alt=""""><br>
<!--GoQSystemランキング自動更新ツールワイド-->
<table align=""center"" width=""600"" border=""0"" cellpadding=""0"" cellspacing=""0"" bgcolor=""#FFFFFF"">
<tr>
<td>
<table align=""center"" width=""600"" border=""0"" cellpadding=""0"" cellspacing=""0"" bgcolor=""#FFFFFF"">
<tr>
<td align=""center"" valign=""bottom"" bgcolor=""#cccccc""><img src=""http://www.rakuten.ne.jp/gold/guy0084/goqsystem/600rankingtitel.gif"" width=""600"" /></td>
</tr>
</table>
<table align=""center"" width=""596"" border=""0"" cellpadding=""0"" cellspacing=""0"" bgcolor=""#CCCCCC"" style=""border-left:solid;border-left-width:1px;border-right:solid;border-right-width:1px;border-bottom:solid;border-bottom-width:1px;border-color:#CCCCCC;"">
<tr>
<td align=""center"" bgcolor=""#FFFFFF"">
<div class=""ifrm-container"" style=""width:598px;height:460px;overflow:auto;-webkit-overflow-scrolling:touch;"">

</div>
</td>
</tr>
<tr>
<td align=""right"" bgcolor=""#FFFFFF"" style=""padding:2px;"">
<img src=""http://www.rakuten.ne.jp/gold/guy0084/goqsystem/powered_by_banner.gif"" width=""125"" />
</td>
</tr>
</table>
</td>
</tr>
</table>
<!--GoQSystemランキング自動更新ツールワイド-->
</div>",Agis M＆R【エィジス エムアンドアール】ツータックスラックス/パンツ/ボトムス【グレー】【SALL】【お取り寄せ】【auktn_50off】【2013/12/8】【楽天ランキング】【父の日】：オーダースーツ ＧＵＹ0084,オーダースーツオーダーシャツドレスシャツレディースオーダーシャツAgis M＆R【エィジス エムアンドアール】ツータックスラックス/パンツ/ボトムス【グレー】【SALL】【お取り寄せ】【auktn_50off】【2013/12/8】【楽天ランキング】【父の日】,【秋冬物】【送料無料】。Agis M＆R【エィジス エムアンドアール】ツータックスラックス/パンツ/ボトムス【グレー】【SALL】【お取り寄せ】【auktn_50off】【2013/12/8】【楽天ランキング】【父の日】[rn]
13-87915,http://tshop.r10s.jp/guy0084/cabinet/pants-02/13-0161-a_m.jpg?fitin=700:700,5140.8000,,メンズファッション > ズボン・パンツ,Agis M＆R【エィジス エムアンドアール】ポリエステルスラックス【ブラック】【お取り寄せ】【SALL】【auktn_50off】【2012/8/8】【楽天ランキング】【父の日】,【送料無料】【春夏物】,"<!--QRコード-->
<center>
<table width=""355"" border=""0"" cellspacing=""0"" cellpadding=""0"">
<tr>
    <td colspan=""2"" align=""center""><font size=""2"" color=""#800000""><!-- 携帯ポイント企画 --></font>
<img src=""http://image.rakuten.co.jp/guy0084/cabinet/parts/souryou_bn01.gif"" alt=""送料のご案内"" width=""410"" height=""80"" border=""0""><br><font size=""2"">発送からのお届け予定日時間帯</font></td>
    </tr>
  <tr>
    <td align=""center""><img src=""http://image.rakuten.co.jp/guy0084/cabinet/parts/mobile-cart.gif"" alt=""携帯から注文する"" width=""215"" height=""100"" border=""0"" /></td>
    <td align=""center""><img src=""http://image.rakuten.co.jp/guy0084/cabinet/qr-code-001/13-0161-a.jpg"" alt=""携帯へアクセス"" width=""111"" height=""111"" border=""0""></td>
  </tr>
  </table>
</center>
<!--QRコードend-->
<!--ギフトアイコン-->
<center>
<table border=""0"" cellspacing=""0"" cellpadding=""2"">
<tr>
<td valign=""middle"" nowrap><font size=""-1"">ギフト対応<br>
  詳しくはコチラ</font></td>
<td valign=""baseline"">
<img src=""http://image.rakuten.co.jp/guy0084/cabinet/parts/icon_wrapping.gif"" alt=""ラッピング対応"" width=""100"" height=""21"" hspace=""1"">
<img src=""http://image.rakuten.co.jp/guy0084/cabinet/parts/icon_noshi.gif"" alt=""のし対応"" width=""100"" height=""21"" hspace=""1"">
<img src=""http://image.rakuten.co.jp/guy0084/cabinet/parts/icon_noshi_kimei.gif"" alt=""のし記名可"" width=""100"" height=""21"" hspace=""1""></td>
</tr>
</table>
<br><img src=""http://www.rakuten.ne.jp/gold/guy0084/parts/space.gif"" width=""1"" height=""10"" alt="""" /><br>
</center>
<!--ギフトアイコンend-->
<center><!--イベント-->
<img src=""http://www.rakuten.ne.jp/gold/guy0084/parts/space.gif"" width=""1"" height=""5"" alt=""""><br>

<table  width=""355"" border=""3"" bordercolor=""#1F0B09"" frame=""box"">
  <tr>
    <td width=""30%""  align=""center"" valign=""middle"" style=""border: 1px solid black;""><font size=""2"">ブランド</font></td>
    <td style=""border: 1px solid black;"" width=""70%""><font size=""2"">Agis M&R【エィジス エムアンドアール】</font></td>
  </tr>
  <tr>
    <td width=""30%"" height=""8"" align=""center"" style=""border: 1px solid black;""><font size=""2"">サイズ</font></td>
    <td style=""border: 1px solid black;"" width=""70%""><font size=""2"">73、79、82、85、88、91、94</font></td>
  </tr>
  <tr>
    <td width=""30%"" align=""center"" valign=""middle"" style=""border: 1px solid black;""><font size=""2"">素材</font></td>
    <td style=""border: 1px solid black;"" width=""70%""><font size=""2"">ポリエステル100％</font></td>
  </tr>
  <tr>
    <td width=""30%"" align=""center"" valign=""middle"" style=""border: 1px solid black;""><font size=""2"">カラー</font></td>
    <td style=""border: 1px solid black;"" width=""70%""><font size=""2"">ブラック</font></td>
  </tr>
  <tr>
    <td width=""30%"" align=""center"" valign=""middle"" style=""border: 1px solid black;""><font size=""2"">スタイル</font></td>
    <td style=""border: 1px solid black;"" width=""70%""><font size=""2"">ジャケット（ブレザー）、ブルゾン（ジャンバー）<br>ワイシャツ、カッターシャツ<br>ドレスシャツ、ビジネススタイル<br>スーツスタイル、オフィススタイル<br>パーティ、クリスマス、<br>婚活、結婚式、披露宴、２次会</font></td>
  </tr>
  <tr>
    <td width=""30%"" align=""center"" valign=""middle"" style=""border: 1px solid black;""><font size=""2"">洗濯表示</font></td>
    <td width=""70%"" valign=""middle"" style=""border: 1px solid black;"">
<img src=""http://image.rakuten.co.jp/guy0084/cabinet/parts/laundry04.gif"" width=""43"" height=""43"" />
<img src=""http://image.rakuten.co.jp/guy0084/cabinet/parts/laundry02.gif"" width=""43"" height=""43"" />
<img src=""http://image.rakuten.co.jp/guy0084/cabinet/parts/laundry03.gif"" width=""43"" height=""43"" />
<img src=""http://image.rakuten.co.jp/guy0084/cabinet/parts/laundry08.gif"" width=""43"" height=""43"" />
<img src=""http://image.rakuten.co.jp/guy0084/cabinet/parts/laundry00.gif"" width=""43"" height=""43"" />

</td>
  </tr>
  <tr>
    <td colspan=""2"" bgcolor=""#ede4cd"" style=""border: 1px solid black;"" height=""8""><font size=""2"">【Key Word】</font></td>
  </tr>
  <tr>
    <td style=""border: 1px solid black;"" colspan=""2""><font size=""2"">MEN'S（メンズ）、パンツ<br>ゴルフ、会合、婚活、寄り合い、旅行<br>2タック、クラレミクロキャット</font></td>
  </tr>
  <tr>
    <td colspan=""2"" bgcolor=""#ede4cd"" style=""border: 1px solid black;"" height=""8""><font size=""2"">ギフト包装、プレゼント包装、のし対応</font></td>
  </tr>
  <tr>
    <td style=""border: 1px solid black;"" colspan=""2""><font size=""2"">お誕生日、昇進祝い、内祝い、バレンタインデー、クリスマス<br>入学祝い、卒業祝い、就職祝い、成人式<br>父の日、敬老の日 等　各種承っております。</font></td>
  </tr>
<tr>
    <td colspan=""2"" style=""border: 1px solid black;"" bgcolor=""#990000"" height=""8""><font color=""#FFFFFF"" size=""2"">【注意事項】</font></td>
  </tr>
  <tr>
    <td style=""border: 1px solid black;"" colspan=""2""><font size=""2"">コチラの商品は一部メーカー取り寄せ商品の為、<br>発送に５営業日かかる場合がございます。<br><br>在庫の管理には万全を期しておりますが、メーカーでの<br>在庫状況（完売）により、ご注文を変更またはキャンセル<br>させて頂く場合がございます事を予めご了承くださいませ。</font></td>
  </tr> 
  <tr>
    <td colspan=""2"" bgcolor=""#000000"" style=""border: 1px solid black;"" height=""8""><font size=""2"" color=""white"">必ずお読みください</font></td>
  </tr>
  <tr>
    <td style=""border: 1px solid black;"" colspan=""2""><font size=""2"">ご使用のモニターによって、商品画像の色が<br>
            異なって見えることがあります。<br>
            あらかじめ、ご了承頂きますよう、お願い申し上げます。<br>
            ご購入の際は、表記カラーをご確認の上<br>
            お買い求めください。<br><br>実店舗での販売も行っている為、<br>ご注文頂いたタイミングによって在庫が無い場合もございます。<br>その際は、メール等でご連絡させて頂きます。<br>ご了承くださいませ。<br><br>
    商品についての詳細はメールor直接店舗の方に<br>お電話下さい。</font></td>
  </tr>
  <tr>
    <td style=""border: 1px solid black;"" colspan=""2""><font size=""2"">ご購入前にサイズ表を必ずご確認ください。<br />
      サイズ表はコチラ</font><br><font size=""-2"">Copyright(C) メンズショップ ガイ All rights reserved.</font></td>
  </tr>
<tr><td style=""border: 1px solid black;"" colspan=""2"" align=""right""><font size=""2"">2012/8/8【入荷】</font></td></tr>
</table>
</center><div align=""center"">

<div align=""center"">
     <img src=""https://image.rakuten.co.jp/guy0084/cabinet/campaign/0506_mara_1000.gif"" alt=""1000円クーポンプレゼント"" width=""616"" height=""120"" border=""0""><br><br>
<img src=""https://image.rakuten.co.jp/guy0084/cabinet/campaign/0506_mara_500.gif"" alt=""500円クーポンプレゼント"" width=""616"" height=""120"" border=""0""><br><br>
<img src=""https://image.rakuten.co.jp/guy0084/cabinet/campaign/0506_mara_300.gif"" alt=""300円クーポンプレゼント"" width=""616"" height=""120"" border=""0""><br><br>
<img src=""https://image.rakuten.co.jp/guy0084/cabinet/campaign/0519_social_cupon.jpg"" alt=""200円クーポンプレゼント"" width=""616"" height=""120"" border=""0""><br><br>
</div>
<p>
<img src=""http://image.rakuten.co.jp/guy0084/cabinet/campaign/cool-sp2016_01-n.jpg"" alt=""クール仕立て"" width=""616"" height=""120"" border=""0"">
</p>
<img src=""http://image.rakuten.co.jp/guy0084/cabinet/parts/welcome-600.gif"" alt=""ご来店ありがとうございます"" width=""600"" height=""30"" border=""0"">
<br><img src=""http://www.rakuten.ne.jp/gold/guy0084/parts/space.gif"" width=""5"" height=""5"" alt=""""><br>
<!--GoQSystemランキング自動更新ツールワイド-->
<table align=""center"" width=""600"" border=""0"" cellpadding=""0"" cellspacing=""0"" bgcolor=""#FFFFFF"">
<tr>
<td>
<table align=""center"" width=""600"" border=""0"" cellpadding=""0"" cellspacing=""0"" bgcolor=""#FFFFFF"">
<tr>
<td align=""center"" valign=""bottom"" bgcolor=""#cccccc""><img src=""http://www.rakuten.ne.jp/gold/guy0084/goqsystem/600rankingtitel.gif"" width=""600"" /></td>
</tr>
</table>
<table align=""center"" width=""596"" border=""0"" cellpadding=""0"" cellspacing=""0"" bgcolor=""#CCCCCC"" style=""border-left:solid;border-left-width:1px;border-right:solid;border-right-width:1px;border-bottom:solid;border-bottom-width:1px;border-color:#CCCCCC;"">
<tr>
<td align=""center"" bgcolor=""#FFFFFF"">
<div class=""ifrm-container"" style=""width:598px;height:460px;overflow:auto;-webkit-overflow-scrolling:touch;"">

</div>
</td>
</tr>
<tr>
<td align=""right"" bgcolor=""#FFFFFF"" style=""padding:2px;"">
<img src=""http://www.rakuten.ne.jp/gold/guy0084/goqsystem/powered_by_banner.gif"" width=""125"" />
</td>
</tr>
</table>
</td>
</tr>
</table>
<!--GoQSystemランキング自動更新ツールワイド-->
</div>",Agis M＆R【エィジス エムアンドアール】ポリエステルスラックス【ブラック】【お取り寄せ】【SALL】【auktn_50off】【2012/8/8】【楽天ランキング】【父の日】：オーダースーツ ＧＵＹ0084,オーダースーツオーダーシャツドレスシャツレディースオーダーシャツAgis M＆R【エィジス エムアンドアール】ポリエステルスラックス【ブラック】【お取り寄せ】【SALL】【auktn_50off】【2012/8/8】【楽天ランキング】【父の日】,【送料無料】【春夏物】。Agis M＆R【エィジス エムアンドアール】ポリエステルスラックス【ブラック】【お取り寄せ】【SALL】【auktn_50off】【2012/8/8】【楽天ランキング】【父の日】[rn]
13-87916,http://tshop.r10s.jp/guy0084/cabinet/off-img/slacks/9267-a_m.jpg?fitin=700:700,5066.4000,,メンズファッション > ズボン・パンツ,Agis M＆R【エィジス エムアンドアール】ツータックスラックス/パンツ/ボトムス【スミクロ】【SALL】【お取り寄せ】【auktn_50off】【2013/12/8】【楽天ランキング】【父の日】,【秋冬物】【送料無料】,"<!--QRコード-->
<center>
<table width=""355"" border=""0"" cellspacing=""0"" cellpadding=""0"">
<tr>
    <td colspan=""2"" align=""center""><font size=""2"" color=""#800000""><!-- 携帯ポイント企画 --></font><br>
<img src=""http://image.rakuten.co.jp/guy0084/cabinet/parts/souryou_bn01.gif"" alt=""送料のご案内"" width=""410"" height=""80"" border=""0""><br><font size=""2"">発送からのお届け予定日時間帯</font></td>
    </tr>
  <tr>
    <td align=""center""><img src=""http://image.rakuten.co.jp/guy0084/cabinet/parts/mobile-cart.gif"" alt=""携帯から注文する"" width=""215"" height=""100"" border=""0"" /></td>
    <td align=""center""><img src=""http://image.rakuten.co.jp/guy0084/cabinet/qr-code-003/9267-a.jpg"" alt=""携帯へアクセス"" width=""111"" height=""111"" border=""0""></td>
  </tr>
  </table>
</center>
<!--QRコードend-->
<!--ギフトアイコン-->
<center>
<table border=""0"" cellspacing=""0"" cellpadding=""2"">
<tr>
<td valign=""middle"" nowrap><font size=""-1"">ギフト対応<br>
  詳しくはコチラ</font></td>
<td valign=""baseline"">
<img src=""http://image.rakuten.co.jp/guy0084/cabinet/parts/icon_wrapping.gif"" alt=""ラッピング対応"" width=""100"" height=""21"" hspace=""1"">
<img src=""http://image.rakuten.co.jp/guy0084/cabinet/parts/icon_noshi.gif"" alt=""のし対応"" width=""100"" height=""21"" hspace=""1"">
<img src=""http://image.rakuten.co.jp/guy0084/cabinet/parts/icon_noshi_kimei.gif"" alt=""のし記名可"" width=""100"" height=""21"" hspace=""1""></td>
</tr>
</table>
<br><img src=""http://www.rakuten.ne.jp/gold/guy0084/parts/space.gif"" width=""1"" height=""10"" alt="""" /><br>
</center>
<!--ギフトアイコンend-->
<center><!--イベント用-->
<table  width=""355"" border=""3"" bordercolor=""#1F0B09"" frame=""box"">
  <tr>
    <td width=""30%""  align=""center"" valign=""middle"" style=""border: 1px solid black;""><font size=""2"">ブランド</font></td>
    <td style=""border: 1px solid black;"" width=""70%""><font size=""2"">Agis M&R【エィジス エムアンドアール】</font></td>
  </tr>
  <tr>
    <td width=""30%"" height=""8"" align=""center"" style=""border: 1px solid black;""><font size=""2"">サイズ</font></td>
    <td style=""border: 1px solid black;"" width=""70%""><font size=""2"">88</font></td>
  </tr>
  <tr>
    <td width=""30%"" align=""center"" valign=""middle"" style=""border: 1px solid black;""><font size=""2"">素材</font></td>
    <td style=""border: 1px solid black;"" width=""70%""><font size=""2"">ポリエステル65％、キュプラ35％</font></td>
  </tr>
  <tr>
    <td width=""30%"" align=""center"" valign=""middle"" style=""border: 1px solid black;""><font size=""2"">カラー</font></td>
    <td style=""border: 1px solid black;"" width=""70%""><font size=""2"">スミクロ</font></td>
  </tr>
  <tr>
    <td width=""30%"" align=""center"" valign=""middle"" style=""border: 1px solid black;""><font size=""2"">スタイル</font></td>
    <td style=""border: 1px solid black;"" width=""70%""><font size=""2"">ジャケット（ブレザー）、ブルゾン（ジャンバー）<br>ワイシャツ、カッターシャツ<br>ドレスシャツ、ビジネススタイル<br>スーツスタイル、オフィススタイル<br>パーティ、クリスマス、<br>婚活、結婚式、披露宴、２次会</font></td>
  </tr>
  <tr>
    <td width=""30%"" align=""center"" valign=""middle"" style=""border: 1px solid black;""><font size=""2"">洗濯表示</font></td>
    <td width=""70%"" valign=""middle"" style=""border: 1px solid black;"">
<img src=""http://image.rakuten.co.jp/guy0084/cabinet/parts/laundry09.gif"" width=""43"" height=""43"" />
<img src=""http://image.rakuten.co.jp/guy0084/cabinet/parts/laundry02.gif"" width=""43"" height=""43"" />
<img src=""http://image.rakuten.co.jp/guy0084/cabinet/parts/laundry14.gif"" width=""43"" height=""43"" />
<img src=""http://image.rakuten.co.jp/guy0084/cabinet/parts/laundry10.gif"" width=""43"" height=""43"" />
<img src=""http://image.rakuten.co.jp/guy0084/cabinet/parts/laundry00.gif"" width=""43"" height=""43"" />

</td>
  </tr>
  <tr>
    <td colspan=""2"" bgcolor=""#ede4cd"" style=""border: 1px solid black;"" height=""8""><font size=""2"">【Key Word】</font></td>
  </tr>
  <tr>
    <td style=""border: 1px solid black;"" colspan=""2""><font size=""2"">2タック、MEN'S（メンズ）、パンツ</font></td>
  </tr>
  <tr>
    <td colspan=""2"" bgcolor=""#ede4cd"" style=""border: 1px solid black;"" height=""8""><font size=""2"">ギフト包装、プレゼント包装、のし対応</font></td>
  </tr>
    <tr>
    <td style=""border: 1px solid black;"" colspan=""2""><font size=""2"">お誕生日、昇進祝い、内祝い、バレンタインデー、クリスマス<br>入学祝い、卒業祝い、就職祝い、成人式<br>父の日、敬老の日 等　各種承っております。</font></td>
  </tr>
  <tr>
    <td colspan=""2"" style=""border: 1px solid black;"" bgcolor=""#990000"" height=""8""><font color=""#FFFFFF"" size=""2"">【注意事項】</font></td>
  </tr>
  <tr>
    <td style=""border: 1px solid black;"" colspan=""2""><font size=""2"">コチラの商品は一部メーカー取り寄せ商品の為、<br>発送に５営業日かかる場合がございます。<br><br>在庫の管理には万全を期しておりますが、メーカーでの<br>在庫状況（完売）により、ご注文を変更またはキャンセル<br>させて頂く場合がございます事を予めご了承くださいませ。</font></td>
  </tr> 
  <tr>
    <td colspan=""2"" bgcolor=""#000000"" style=""border: 1px solid black;"" height=""8""><font size=""2"" color=""white"">必ずお読みください</font></td>
  </tr>
  <tr>
    <td style=""border: 1px solid black;"" colspan=""2""><font size=""2"">ご使用のモニターによって、商品画像の色が<br>
            異なって見えることがあります。<br>
            あらかじめ、ご了承頂きますよう、お願い申し上げます。<br>
            ご購入の際は、表記カラーをご確認の上<br>
            お買い求めください。<br><br>実店舗での販売も行っている為、<br>ご注文頂いたタイミングによって在庫が無い場合もございます。<br>その際は、メール等でご連絡させて頂きます。<br>ご了承くださいませ。<br><br>
    商品についての詳細はメールor直接店舗の方に<br>お電話下さい。</font></td>
  </tr>
  <tr>
    <td style=""border: 1px solid black;"" colspan=""2""><font size=""2"">ご購入前にサイズ表を必ずご確認ください。<br />
      サイズ表はコチラ</font><br><font size=""-2"">Copyright(C) メンズショップ ガイ All rights reserved.</font></td>
  </tr>
<tr><td style=""border: 1px solid black;"" colspan=""2"" align=""right""><font size=""2"">  2013/12/8【入荷】</font></td></tr>
</table>
</center><div align=""center"">

<div align=""center"">
     <img src=""https://image.rakuten.co.jp/guy0084/cabinet/campaign/0506_mara_1000.gif"" alt=""1000円クーポンプレゼント"" width=""616"" height=""120"" border=""0""><br><br>
<img src=""https://image.rakuten.co.jp/guy0084/cabinet/campaign/0506_mara_500.gif"" alt=""500円クーポンプレゼント"" width=""616"" height=""120"" border=""0""><br><br>
<img src=""https://image.rakuten.co.jp/guy0084/cabinet/campaign/0506_mara_300.gif"" alt=""300円クーポンプレゼント"" width=""616"" height=""120"" border=""0""><br><br>
<img src=""https://image.rakuten.co.jp/guy0084/cabinet/campaign/0519_social_cupon.jpg"" alt=""200円クーポンプレゼント"" width=""616"" height=""120"" border=""0""><br><br>
</div>
<p>
<img src=""http://image.rakuten.co.jp/guy0084/cabinet/campaign/cool-sp2016_01-n.jpg"" alt=""クール仕立て"" width=""616"" height=""120"" border=""0"">
</p>
<img src=""http://image.rakuten.co.jp/guy0084/cabinet/parts/welcome-600.gif"" alt=""ご来店ありがとうございます"" width=""600"" height=""30"" border=""0"">
<br><img src=""http://www.rakuten.ne.jp/gold/guy0084/parts/space.gif"" width=""5"" height=""5"" alt=""""><br>
<!--GoQSystemランキング自動更新ツールワイド-->
<table align=""center"" width=""600"" border=""0"" cellpadding=""0"" cellspacing=""0"" bgcolor=""#FFFFFF"">
<tr>
<td>
<table align=""center"" width=""600"" border=""0"" cellpadding=""0"" cellspacing=""0"" bgcolor=""#FFFFFF"">
<tr>
<td align=""center"" valign=""bottom"" bgcolor=""#cccccc""><img src=""http://www.rakuten.ne.jp/gold/guy0084/goqsystem/600rankingtitel.gif"" width=""600"" /></td>
</tr>
</table>
<table align=""center"" width=""596"" border=""0"" cellpadding=""0"" cellspacing=""0"" bgcolor=""#CCCCCC"" style=""border-left:solid;border-left-width:1px;border-right:solid;border-right-width:1px;border-bottom:solid;border-bottom-width:1px;border-color:#CCCCCC;"">
<tr>
<td align=""center"" bgcolor=""#FFFFFF"">
<div class=""ifrm-container"" style=""width:598px;height:460px;overflow:auto;-webkit-overflow-scrolling:touch;"">

</div>
</td>
</tr>
<tr>
<td align=""right"" bgcolor=""#FFFFFF"" style=""padding:2px;"">
<img src=""http://www.rakuten.ne.jp/gold/guy0084/goqsystem/powered_by_banner.gif"" width=""125"" />
</td>
</tr>
</table>
</td>
</tr>
</table>
<!--GoQSystemランキング自動更新ツールワイド-->
</div>",Agis M＆R【エィジス エムアンドアール】ツータックスラックス/パンツ/ボトムス【スミクロ】【SALL】【お取り寄せ】【auktn_50off】【2013/12/8】【楽天ランキング】【父の日】：オーダースーツ ＧＵＹ0084,オーダースーツオーダーシャツドレスシャツレディースオーダーシャツAgis M＆R【エィジス エムアンドアール】ツータックスラックス/パンツ/ボトムス【スミクロ】【SALL】【お取り寄せ】【auktn_50off】【2013/12/8】【楽天ランキング】【父の日】,【秋冬物】【送料無料】。Agis M＆R【エィジス エムアンドアール】ツータックスラックス/パンツ/ボトムス【スミクロ】【SALL】【お取り寄せ】【auktn_50off】【2013/12/8】【楽天ランキング】【父の日】[rn]
13-87917,http://tshop.r10s.jp/guy0084/cabinet/pants-02/13-0161-b_m.jpg?fitin=700:700,5140.8000,,メンズファッション > ズボン・パンツ,Agis M＆R【エィジス エムアンドアール】ポリエステルスラックス【ネイビー】【SALL】【お取り寄せ】【auktn_50off】【2012/8/8】【楽天ランキング】【父の日】,【送料無料】【春夏物】,"<!--QRコード-->
<center>
<table width=""355"" border=""0"" cellspacing=""0"" cellpadding=""0"">
<tr>
    <td colspan=""2"" align=""center""><font size=""2"" color=""#800000""><!-- 携帯ポイント企画 --></font>
<img src=""http://image.rakuten.co.jp/guy0084/cabinet/parts/souryou_bn01.gif"" alt=""送料のご案内"" width=""410"" height=""80"" border=""0""><br><font size=""2"">発送からのお届け予定日時間帯</font></td>
    </tr>
  <tr>
    <td align=""center""><img src=""http://image.rakuten.co.jp/guy0084/cabinet/parts/mobile-cart.gif"" alt=""携帯から注文する"" width=""215"" height=""100"" border=""0"" /></td>
    <td align=""center""><img src=""http://image.rakuten.co.jp/guy0084/cabinet/qr-code-001/13-0161-b.jpg"" alt=""携帯へアクセス"" width=""111"" height=""111"" border=""0""></td>
  </tr>
  </table>
</center>
<!--QRコードend-->
<!--ギフトアイコン-->
<center>
<table border=""0"" cellspacing=""0"" cellpadding=""2"">
<tr>
<td valign=""middle"" nowrap><font size=""-1"">ギフト対応<br>
  詳しくはコチラ</font></td>
<td valign=""baseline"">
<img src=""http://image.rakuten.co.jp/guy0084/cabinet/parts/icon_wrapping.gif"" alt=""ラッピング対応"" width=""100"" height=""21"" hspace=""1"">
<img src=""http://image.rakuten.co.jp/guy0084/cabinet/parts/icon_noshi.gif"" alt=""のし対応"" width=""100"" height=""21"" hspace=""1"">
<img src=""http://image.rakuten.co.jp/guy0084/cabinet/parts/icon_noshi_kimei.gif"" alt=""のし記名可"" width=""100"" height=""21"" hspace=""1""></td>
</tr>
</table>
<br><img src=""http://www.rakuten.ne.jp/gold/guy0084/parts/space.gif"" width=""1"" height=""10"" alt="""" /><br>
</center>
<!--ギフトアイコンend-->
<center><!--イベント-->
<img src=""http://www.rakuten.ne.jp/gold/guy0084/parts/space.gif"" width=""1"" height=""5"" alt=""""><br>

<table  width=""355"" border=""3"" bordercolor=""#1F0B09"" frame=""box"">
  <tr>
    <td width=""30%""  align=""center"" valign=""middle"" style=""border: 1px solid black;""><font size=""2"">ブランド</font></td>
    <td style=""border: 1px solid black;"" width=""70%""><font size=""2"">Agis M&R【エィジス エムアンドアール】</font></td>
  </tr>
  <tr>
    <td width=""30%"" height=""8"" align=""center"" style=""border: 1px solid black;""><font size=""2"">サイズ</font></td>
    <td style=""border: 1px solid black;"" width=""70%""><font size=""2"">85、88、91、94、97、100、105</font></td>
  </tr>
  <tr>
    <td width=""30%"" align=""center"" valign=""middle"" style=""border: 1px solid black;""><font size=""2"">素材</font></td>
    <td style=""border: 1px solid black;"" width=""70%""><font size=""2"">ポリエステル100％</font></td>
  </tr>
  <tr>
    <td width=""30%"" align=""center"" valign=""middle"" style=""border: 1px solid black;""><font size=""2"">カラー</font></td>
    <td style=""border: 1px solid black;"" width=""70%""><font size=""2"">ネイビー</font></td>
  </tr>
  <tr>
    <td width=""30%"" align=""center"" valign=""middle"" style=""border: 1px solid black;""><font size=""2"">スタイル</font></td>
    <td style=""border: 1px solid black;"" width=""70%""><font size=""2"">ジャケット（ブレザー）、ブルゾン（ジャンバー）<br>ワイシャツ、カッターシャツ<br>ドレスシャツ、ビジネススタイル<br>スーツスタイル、オフィススタイル<br>パーティ、クリスマス、<br>婚活、結婚式、披露宴、２次会</font></td>
  </tr>
  <tr>
    <td width=""30%"" align=""center"" valign=""middle"" style=""border: 1px solid black;""><font size=""2"">洗濯表示</font></td>
    <td width=""70%"" valign=""middle"" style=""border: 1px solid black;"">
<img src=""http://image.rakuten.co.jp/guy0084/cabinet/parts/laundry04.gif"" width=""43"" height=""43"" />
<img src=""http://image.rakuten.co.jp/guy0084/cabinet/parts/laundry02.gif"" width=""43"" height=""43"" />
<img src=""http://image.rakuten.co.jp/guy0084/cabinet/parts/laundry03.gif"" width=""43"" height=""43"" />
<img src=""http://image.rakuten.co.jp/guy0084/cabinet/parts/laundry08.gif"" width=""43"" height=""43"" />
<img src=""http://image.rakuten.co.jp/guy0084/cabinet/parts/laundry00.gif"" width=""43"" height=""43"" />

</td>
  </tr>
  <tr>
    <td colspan=""2"" bgcolor=""#ede4cd"" style=""border: 1px solid black;"" height=""8""><font size=""2"">【Key Word】</font></td>
  </tr>
  <tr>
    <td style=""border: 1px solid black;"" colspan=""2""><font size=""2"">MEN'S（メンズ）、パンツ<br>ゴルフ、会合、婚活、寄り合い、旅行<br>2タック、クラレミクロキャット</font></td>
  </tr>
  <tr>
    <td colspan=""2"" bgcolor=""#ede4cd"" style=""border: 1px solid black;"" height=""8""><font size=""2"">ギフト包装、プレゼント包装、のし対応</font></td>
  </tr>
  <tr>
    <td style=""border: 1px solid black;"" colspan=""2""><font size=""2"">お誕生日、昇進祝い、内祝い、バレンタインデー、クリスマス<br>入学祝い、卒業祝い、就職祝い、成人式<br>父の日、敬老の日 等　各種承っております。</font></td>
  </tr>
<tr>
    <td colspan=""2"" bgcolor=""#990000"" style=""border: 1px solid black;"" height=""8""><font color=""#FFFFFF"" size=""2"">【注意事項】</font></td>
  </tr>
  <tr>
    <td style=""border: 1px solid black;"" colspan=""2""><font size=""2"">コチラの商品はメーカー取り寄せ商品の為、<br>発送に５営業日かかる場合がございます。<br><br>在庫の管理には万全を期しておりますが、メーカーでの<br>在庫状況（完売）により、ご注文を変更またはキャンセル<br>させて頂く場合がございます事を予めご了承くださいませ。</font></td>
  </tr>
  <tr>
    <td colspan=""2"" bgcolor=""#000000"" style=""border: 1px solid black;"" height=""8""><font size=""2"" color=""white"">必ずお読みください</font></td>
  </tr>
  <tr>
    <td style=""border: 1px solid black;"" colspan=""2""><font size=""2"">ご使用のモニターによって、商品画像の色が<br>
            異なって見えることがあります。<br>
            あらかじめ、ご了承頂きますよう、お願い申し上げます。<br>
            ご購入の際は、表記カラーをご確認の上<br>
            お買い求めください。<br><br>実店舗での販売も行っている為、<br>ご注文頂いたタイミングによって在庫が無い場合もございます。<br>その際は、メール等でご連絡させて頂きます。<br>ご了承くださいませ。<br><br>
    商品についての詳細はメールor直接店舗の方に<br>お電話下さい。</font></td>
  </tr>
  <tr>
    <td style=""border: 1px solid black;"" colspan=""2""><font size=""2"">ご購入前にサイズ表を必ずご確認ください。<br />
      サイズ表はコチラ</font><br><font size=""-2"">Copyright(C) メンズショップ ガイ All rights reserved.</font></td>
  </tr>
<tr><td style=""border: 1px solid black;"" colspan=""2"" align=""right""><font size=""2"">2012/8/8【入荷】</font></td></tr>
</table>
</center><div align=""center"">

<div align=""center"">
     <img src=""https://image.rakuten.co.jp/guy0084/cabinet/campaign/0506_mara_1000.gif"" alt=""1000円クーポンプレゼント"" width=""616"" height=""120"" border=""0""><br><br>
<img src=""https://image.rakuten.co.jp/guy0084/cabinet/campaign/0506_mara_500.gif"" alt=""500円クーポンプレゼント"" width=""616"" height=""120"" border=""0""><br><br>
<img src=""https://image.rakuten.co.jp/guy0084/cabinet/campaign/0506_mara_300.gif"" alt=""300円クーポンプレゼント"" width=""616"" height=""120"" border=""0""><br><br>
<img src=""https://image.rakuten.co.jp/guy0084/cabinet/campaign/0519_social_cupon.jpg"" alt=""200円クーポンプレゼント"" width=""616"" height=""120"" border=""0""><br><br>
</div>
<p>
<img src=""http://image.rakuten.co.jp/guy0084/cabinet/campaign/cool-sp2016_01-n.jpg"" alt=""クール仕立て"" width=""616"" height=""120"" border=""0"">
</p>
<img src=""http://image.rakuten.co.jp/guy0084/cabinet/parts/welcome-600.gif"" alt=""ご来店ありがとうございます"" width=""600"" height=""30"" border=""0"">
<br><img src=""http://www.rakuten.ne.jp/gold/guy0084/parts/space.gif"" width=""5"" height=""5"" alt=""""><br>
<!--GoQSystemランキング自動更新ツールワイド-->
<table align=""center"" width=""600"" border=""0"" cellpadding=""0"" cellspacing=""0"" bgcolor=""#FFFFFF"">
<tr>
<td>
<table align=""center"" width=""600"" border=""0"" cellpadding=""0"" cellspacing=""0"" bgcolor=""#FFFFFF"">
<tr>
<td align=""center"" valign=""bottom"" bgcolor=""#cccccc""><img src=""http://www.rakuten.ne.jp/gold/guy0084/goqsystem/600rankingtitel.gif"" width=""600"" /></td>
</tr>
</table>
<table align=""center"" width=""596"" border=""0"" cellpadding=""0"" cellspacing=""0"" bgcolor=""#CCCCCC"" style=""border-left:solid;border-left-width:1px;border-right:solid;border-right-width:1px;border-bottom:solid;border-bottom-width:1px;border-color:#CCCCCC;"">
<tr>
<td align=""center"" bgcolor=""#FFFFFF"">
<div class=""ifrm-container"" style=""width:598px;height:460px;overflow:auto;-webkit-overflow-scrolling:touch;"">

</div>
</td>
</tr>
<tr>
<td align=""right"" bgcolor=""#FFFFFF"" style=""padding:2px;"">
<img src=""http://www.rakuten.ne.jp/gold/guy0084/goqsystem/powered_by_banner.gif"" width=""125"" />
</td>
</tr>
</table>
</td>
</tr>
</table>
<!--GoQSystemランキング自動更新ツールワイド-->
</div>",Agis M＆R【エィジス エムアンドアール】ポリエステルスラックス【ネイビー】【SALL】【お取り寄せ】【auktn_50off】【2012/8/8】【楽天ランキング】【父の日】：オーダースーツ ＧＵＹ0084,オーダースーツオーダーシャツドレスシャツレディースオーダーシャツAgis M＆R【エィジス エムアンドアール】ポリエステルスラックス【ネイビー】【SALL】【お取り寄せ】【auktn_50off】【2012/8/8】【楽天ランキング】【父の日】,【送料無料】【春夏物】。Agis M＆R【エィジス エムアンドアール】ポリエステルスラックス【ネイビー】【SALL】【お取り寄せ】【auktn_50off】【2012/8/8】【楽天ランキング】【父の日】[rn]
13-87918,http://tshop.r10s.jp/guy0084/cabinet/off-img/slacks/71317-a_m.jpg?fitin=700:700,8000.0000,,メンズファッション > ズボン・パンツ,Agis M＆R【エィジス エムアンドアール】ワンタックスラックス/パンツ/ボトムス【グレーチェック】【SALL】【お取り寄せ】【4s9w】【auktn_40off】【2013/12/8】【楽天ランキング】【父の日】,【秋冬物】【送料無料】,"<!--QRコード-->
<center>
<table width=""355"" border=""0"" cellspacing=""0"" cellpadding=""0"">
<tr>
    <td colspan=""2"" align=""center""><font size=""2"" color=""#800000""><!-- 携帯ポイント企画 --></font><br>
<img src=""http://image.rakuten.co.jp/guy0084/cabinet/parts/souryou_bn01.gif"" alt=""送料のご案内"" width=""410"" height=""80"" border=""0""><br><font size=""2"">発送からのお届け予定日時間帯</font></td>
    </tr>
  <tr>
    <td align=""center""><img src=""http://image.rakuten.co.jp/guy0084/cabinet/parts/mobile-cart.gif"" alt=""携帯から注文する"" width=""215"" height=""100"" border=""0"" /></td>
    <td align=""center""><img src=""http://image.rakuten.co.jp/guy0084/cabinet/qr-code-003/71317-a.jpg"" alt=""携帯へアクセス"" width=""111"" height=""111"" border=""0""></td>
  </tr>
  </table>
</center>
<!--QRコードend-->
<!--ギフトアイコン-->
<center>
<table border=""0"" cellspacing=""0"" cellpadding=""2"">
<tr>
<td valign=""middle"" nowrap><font size=""-1"">ギフト対応<br>
  詳しくはコチラ</font></td>
<td valign=""baseline"">
<img src=""http://image.rakuten.co.jp/guy0084/cabinet/parts/icon_wrapping.gif"" alt=""ラッピング対応"" width=""100"" height=""21"" hspace=""1"">
<img src=""http://image.rakuten.co.jp/guy0084/cabinet/parts/icon_noshi.gif"" alt=""のし対応"" width=""100"" height=""21"" hspace=""1"">
<img src=""http://image.rakuten.co.jp/guy0084/cabinet/parts/icon_noshi_kimei.gif"" alt=""のし記名可"" width=""100"" height=""21"" hspace=""1""></td>
</tr>
</table>
<br><img src=""http://www.rakuten.ne.jp/gold/guy0084/parts/space.gif"" width=""1"" height=""10"" alt="""" /><br>
</center>
<!--ギフトアイコンend-->
<center><!--イベント用-->
<table  width=""355"" border=""3"" bordercolor=""#1F0B09"" frame=""box"">
  <tr>
    <td width=""30%""  align=""center"" valign=""middle"" style=""border: 1px solid black;""><font size=""2"">ブランド</font></td>
    <td style=""border: 1px solid black;"" width=""70%""><font size=""2"">Agis M&R【エィジス エムアンドアール】</font></td>
  </tr>
  <tr>
    <td width=""30%"" height=""8"" align=""center"" style=""border: 1px solid black;""><font size=""2"">サイズ</font></td>
    <td style=""border: 1px solid black;"" width=""70%""><font size=""2"">85、88、91、94、97</font></td>
  </tr>
  <tr>
    <td width=""30%"" align=""center"" valign=""middle"" style=""border: 1px solid black;""><font size=""2"">素材</font></td>
    <td style=""border: 1px solid black;"" width=""70%""><font size=""2"">毛100％</font></td>
  </tr>
  <tr>
    <td width=""30%"" align=""center"" valign=""middle"" style=""border: 1px solid black;""><font size=""2"">カラー</font></td>
    <td style=""border: 1px solid black;"" width=""70%""><font size=""2"">グレーチェック</font></td>
  </tr>
  <tr>
    <td width=""30%"" align=""center"" valign=""middle"" style=""border: 1px solid black;""><font size=""2"">スタイル</font></td>
    <td style=""border: 1px solid black;"" width=""70%""><font size=""2"">ジャケット（ブレザー）、ブルゾン（ジャンバー）<br>ワイシャツ、カッターシャツ<br>ドレスシャツ、ビジネススタイル<br>スーツスタイル、オフィススタイル<br>パーティ、クリスマス、<br>婚活、結婚式、披露宴、２次会</font></td>
  </tr>
  <tr>
    <td width=""30%"" align=""center"" valign=""middle"" style=""border: 1px solid black;""><font size=""2"">洗濯表示</font></td>
    <td width=""70%"" valign=""middle"" style=""border: 1px solid black;"">
<img src=""http://image.rakuten.co.jp/guy0084/cabinet/parts/laundry25.gif"" width=""43"" height=""43"" />
<img src=""http://image.rakuten.co.jp/guy0084/cabinet/parts/laundry02.gif"" width=""43"" height=""43"" />
<img src=""http://image.rakuten.co.jp/guy0084/cabinet/parts/laundry03.gif"" width=""43"" height=""43"" /><br>
<img src=""http://image.rakuten.co.jp/guy0084/cabinet/parts/laundry10.gif"" width=""43"" height=""43"" />
<img src=""http://image.rakuten.co.jp/guy0084/cabinet/parts/laundry06.gif"" width=""43"" height=""43"" />
<img src=""http://image.rakuten.co.jp/guy0084/cabinet/parts/laundry01.gif"" width=""43"" height=""43"" />

</td>
  </tr>
  <tr>
    <td colspan=""2"" bgcolor=""#ede4cd"" style=""border: 1px solid black;"" height=""8""><font size=""2"">【Key Word】</font></td>
  </tr>
  <tr>
    <td style=""border: 1px solid black;"" colspan=""2""><font size=""2"">１タック、MEN'S（メンズ）、パンツ</font></td>
  </tr>
  <tr>
    <td colspan=""2"" bgcolor=""#ede4cd"" style=""border: 1px solid black;"" height=""8""><font size=""2"">ギフト包装、プレゼント包装、のし対応</font></td>
  </tr>
    <tr>
    <td style=""border: 1px solid black;"" colspan=""2""><font size=""2"">お誕生日、昇進祝い、内祝い、バレンタインデー、クリスマス<br>入学祝い、卒業祝い、就職祝い、成人式<br>父の日、敬老の日 等　各種承っております。</font></td>
  </tr>
  <tr>
    <td colspan=""2"" style=""border: 1px solid black;"" bgcolor=""#990000"" height=""8""><font color=""#FFFFFF"" size=""2"">【注意事項】</font></td>
  </tr>
  <tr>
    <td style=""border: 1px solid black;"" colspan=""2""><font size=""2"">コチラの商品は一部メーカー取り寄せ商品の為、<br>発送に５営業日かかる場合がございます。<br><br>在庫の管理には万全を期しておりますが、メーカーでの<br>在庫状況（完売）により、ご注文を変更またはキャンセル<br>させて頂く場合がございます事を予めご了承くださいませ。</font></td>
  </tr> 
  <tr>
    <td colspan=""2"" bgcolor=""#000000"" style=""border: 1px solid black;"" height=""8""><font size=""2"" color=""white"">必ずお読みください</font></td>
  </tr>
  <tr>
    <td style=""border: 1px solid black;"" colspan=""2""><font size=""2"">ご使用のモニターによって、商品画像の色が<br>
            異なって見えることがあります。<br>
            あらかじめ、ご了承頂きますよう、お願い申し上げます。<br>
            ご購入の際は、表記カラーをご確認の上<br>
            お買い求めください。<br><br>実店舗での販売も行っている為、<br>ご注文頂いたタイミングによって在庫が無い場合もございます。<br>その際は、メール等でご連絡させて頂きます。<br>ご了承くださいませ。<br><br>
    商品についての詳細はメールor直接店舗の方に<br>お電話下さい。</font></td>
  </tr>
  <tr>
    <td style=""border: 1px solid black;"" colspan=""2""><font size=""2"">ご購入前にサイズ表を必ずご確認ください。<br />
      サイズ表はコチラ</font><br><font size=""-2"">Copyright(C) メンズショップ ガイ All rights reserved.</font></td>
  </tr>
<tr><td style=""border: 1px solid black;"" colspan=""2"" align=""right""><font size=""2"">  2013/12/8【入荷】</font></td></tr>
</table>
</center><div align=""center"">

<div align=""center"">
     <img src=""https://image.rakuten.co.jp/guy0084/cabinet/campaign/0506_mara_1000.gif"" alt=""1000円クーポンプレゼント"" width=""616"" height=""120"" border=""0""><br><br>
<img src=""https://image.rakuten.co.jp/guy0084/cabinet/campaign/0506_mara_500.gif"" alt=""500円クーポンプレゼント"" width=""616"" height=""120"" border=""0""><br><br>
<img src=""https://image.rakuten.co.jp/guy0084/cabinet/campaign/0506_mara_300.gif"" alt=""300円クーポンプレゼント"" width=""616"" height=""120"" border=""0""><br><br>
<img src=""https://image.rakuten.co.jp/guy0084/cabinet/campaign/0519_social_cupon.jpg"" alt=""200円クーポンプレゼント"" width=""616"" height=""120"" border=""0""><br><br>
</div>
<p>
<img src=""http://image.rakuten.co.jp/guy0084/cabinet/campaign/cool-sp2016_01-n.jpg"" alt=""クール仕立て"" width=""616"" height=""120"" border=""0"">
</p>
<img src=""http://image.rakuten.co.jp/guy0084/cabinet/parts/welcome-600.gif"" alt=""ご来店ありがとうございます"" width=""600"" height=""30"" border=""0"">
<br><img src=""http://www.rakuten.ne.jp/gold/guy0084/parts/space.gif"" width=""5"" height=""5"" alt=""""><br>
<!--GoQSystemランキング自動更新ツールワイド-->
<table align=""center"" width=""600"" border=""0"" cellpadding=""0"" cellspacing=""0"" bgcolor=""#FFFFFF"">
<tr>
<td>
<table align=""center"" width=""600"" border=""0"" cellpadding=""0"" cellspacing=""0"" bgcolor=""#FFFFFF"">
<tr>
<td align=""center"" valign=""bottom"" bgcolor=""#cccccc""><img src=""http://www.rakuten.ne.jp/gold/guy0084/goqsystem/600rankingtitel.gif"" width=""600"" /></td>
</tr>
</table>
<table align=""center"" width=""596"" border=""0"" cellpadding=""0"" cellspacing=""0"" bgcolor=""#CCCCCC"" style=""border-left:solid;border-left-width:1px;border-right:solid;border-right-width:1px;border-bottom:solid;border-bottom-width:1px;border-color:#CCCCCC;"">
<tr>
<td align=""center"" bgcolor=""#FFFFFF"">
<div class=""ifrm-container"" style=""width:598px;height:460px;overflow:auto;-webkit-overflow-scrolling:touch;"">

</div>
</td>
</tr>
<tr>
<td align=""right"" bgcolor=""#FFFFFF"" style=""padding:2px;"">
<img src=""http://www.rakuten.ne.jp/gold/guy0084/goqsystem/powered_by_banner.gif"" width=""125"" />
</td>
</tr>
</table>
</td>
</tr>
</table>
<!--GoQSystemランキング自動更新ツールワイド-->
</div>",Agis M＆R【エィジス エムアンドアール】ワンタックスラックス/パンツ/ボトムス【グレーチェック】【SALL】【お取り寄せ】【4s9w】【auktn_40off】【2013/12/8】【楽天ランキング】【父の日】：オーダースーツ ＧＵＹ0084,オーダースーツオーダーシャツドレスシャツレディースオーダーシャツAgis M＆R【エィジス エムアンドアール】ワンタックスラックス/パンツ/ボトムス【グレーチェック】【SALL】【お取り寄せ】【4s9w】【auktn_40off】【2013/12/8】【楽天ランキング】【父の日】,【秋冬物】【送料無料】。Agis M＆R【エィジス エムアンドアール】ワンタックスラックス/パンツ/ボトムス【グレーチェック】【SALL】【お取り寄せ】【4s9w】【auktn_40off】【2013/12/8】【楽天ランキング】【父の日】[rn]
13-87919,http://tshop.r10s.jp/guy0084/cabinet/pants-02/13-0161-c_m.jpg?fitin=700:700,5140.8000,,メンズファッション > ズボン・パンツ,Agis M＆R【エィジス エムアンドアール】ポリエステルスラックス【グレー】【お取り寄せ】【SALL】【auktn_50off】【2012/8/8】【楽天ランキング】【父の日】,【送料無料】【春夏物】,"<!--QRコード-->
<center>
<table width=""355"" border=""0"" cellspacing=""0"" cellpadding=""0"">
<tr>
    <td colspan=""2"" align=""center""><font size=""2"" color=""#800000""><!-- 携帯ポイント企画 --></font>
<img src=""http://image.rakuten.co.jp/guy0084/cabinet/parts/souryou_bn01.gif"" alt=""送料のご案内"" width=""410"" height=""80"" border=""0""><br><font size=""2"">発送からのお届け予定日時間帯</font></td>
    </tr>
  <tr>
    <td align=""center""><img src=""http://image.rakuten.co.jp/guy0084/cabinet/parts/mobile-cart.gif"" alt=""携帯から注文する"" width=""215"" height=""100"" border=""0"" /></td>
    <td align=""center""><img src=""http://image.rakuten.co.jp/guy0084/cabinet/qr-code-001/13-0161-c.jpg"" alt=""携帯へアクセス"" width=""111"" height=""111"" border=""0""></td>
  </tr>
  </table>
</center>
<!--QRコードend-->
<!--ギフトアイコン-->
<center>
<table border=""0"" cellspacing=""0"" cellpadding=""2"">
<tr>
<td valign=""middle"" nowrap><font size=""-1"">ギフト対応<br>
  詳しくはコチラ</font></td>
<td valign=""baseline"">
<img src=""http://image.rakuten.co.jp/guy0084/cabinet/parts/icon_wrapping.gif"" alt=""ラッピング対応"" width=""100"" height=""21"" hspace=""1"">
<img src=""http://image.rakuten.co.jp/guy0084/cabinet/parts/icon_noshi.gif"" alt=""のし対応"" width=""100"" height=""21"" hspace=""1"">
<img src=""http://image.rakuten.co.jp/guy0084/cabinet/parts/icon_noshi_kimei.gif"" alt=""のし記名可"" width=""100"" height=""21"" hspace=""1""></td>
</tr>
</table>
<br><img src=""http://www.rakuten.ne.jp/gold/guy0084/parts/space.gif"" width=""1"" height=""10"" alt="""" /><br>
</center>
<!--ギフトアイコンend-->
<center><!--イベント-->
<img src=""http://www.rakuten.ne.jp/gold/guy0084/parts/space.gif"" width=""1"" height=""5"" alt=""""><br>

<table  width=""355"" border=""3"" bordercolor=""#1F0B09"" frame=""box"">
  <tr>
    <td width=""30%""  align=""center"" valign=""middle"" style=""border: 1px solid black;""><font size=""2"">ブランド</font></td>
    <td style=""border: 1px solid black;"" width=""70%""><font size=""2"">Agis M&R【エィジス エムアンドアール】</font></td>
  </tr>
  <tr>
    <td width=""30%"" height=""8"" align=""center"" style=""border: 1px solid black;""><font size=""2"">サイズ</font></td>
    <td style=""border: 1px solid black;"" width=""70%""><font size=""2"">82、85、88、91、94、97</font></td>
  </tr>
  <tr>
    <td width=""30%"" align=""center"" valign=""middle"" style=""border: 1px solid black;""><font size=""2"">素材</font></td>
    <td style=""border: 1px solid black;"" width=""70%""><font size=""2"">ポリエステル100％</font></td>
  </tr>
  <tr>
    <td width=""30%"" align=""center"" valign=""middle"" style=""border: 1px solid black;""><font size=""2"">カラー</font></td>
    <td style=""border: 1px solid black;"" width=""70%""><font size=""2"">グレー</font></td>
  </tr>
  <tr>
    <td width=""30%"" align=""center"" valign=""middle"" style=""border: 1px solid black;""><font size=""2"">スタイル</font></td>
    <td style=""border: 1px solid black;"" width=""70%""><font size=""2"">ジャケット（ブレザー）、ブルゾン（ジャンバー）<br>ワイシャツ、カッターシャツ<br>ドレスシャツ、ビジネススタイル<br>スーツスタイル、オフィススタイル<br>パーティ、クリスマス、<br>婚活、結婚式、披露宴、２次会</font></td>
  </tr>
  <tr>
    <td width=""30%"" align=""center"" valign=""middle"" style=""border: 1px solid black;""><font size=""2"">洗濯表示</font></td>
    <td width=""70%"" valign=""middle"" style=""border: 1px solid black;"">
<img src=""http://image.rakuten.co.jp/guy0084/cabinet/parts/laundry04.gif"" width=""43"" height=""43"" />
<img src=""http://image.rakuten.co.jp/guy0084/cabinet/parts/laundry02.gif"" width=""43"" height=""43"" />
<img src=""http://image.rakuten.co.jp/guy0084/cabinet/parts/laundry03.gif"" width=""43"" height=""43"" />
<img src=""http://image.rakuten.co.jp/guy0084/cabinet/parts/laundry08.gif"" width=""43"" height=""43"" />
<img src=""http://image.rakuten.co.jp/guy0084/cabinet/parts/laundry00.gif"" width=""43"" height=""43"" />

</td>
  </tr>
  <tr>
    <td colspan=""2"" bgcolor=""#ede4cd"" style=""border: 1px solid black;"" height=""8""><font size=""2"">【Key Word】</font></td>
  </tr>
  <tr>
    <td style=""border: 1px solid black;"" colspan=""2""><font size=""2"">MEN'S（メンズ）、パンツ<br>ゴルフ、会合、婚活、寄り合い、旅行<br>2タック、クラレミクロキャット</font></td>
  </tr>
  <tr>
    <td colspan=""2"" bgcolor=""#ede4cd"" style=""border: 1px solid black;"" height=""8""><font size=""2"">ギフト包装、プレゼント包装、のし対応</font></td>
  </tr>
  <tr>
    <td style=""border: 1px solid black;"" colspan=""2""><font size=""2"">お誕生日、昇進祝い、内祝い、バレンタインデー、クリスマス<br>入学祝い、卒業祝い、就職祝い、成人式<br>父の日、敬老の日 等　各種承っております。</font></td>
  </tr>
<tr>
    <td colspan=""2"" bgcolor=""#990000"" style=""border: 1px solid black;"" height=""8""><font color=""#FFFFFF"" size=""2"">【注意事項】</font></td>
  </tr>
  <tr>
    <td style=""border: 1px solid black;"" colspan=""2""><font size=""2"">コチラの商品はメーカー取り寄せ商品の為、<br>発送に５営業日かかる場合がございます。<br><br>在庫の管理には万全を期しておりますが、メーカーでの<br>在庫状況（完売）により、ご注文を変更またはキャンセル<br>させて頂く場合がございます事を予めご了承くださいませ。</font></td>
  </tr>
  <tr>
    <td colspan=""2"" bgcolor=""#000000"" style=""border: 1px solid black;"" height=""8""><font size=""2"" color=""white"">必ずお読みください</font></td>
  </tr>
  <tr>
    <td style=""border: 1px solid black;"" colspan=""2""><font size=""2"">ご使用のモニターによって、商品画像の色が<br>
            異なって見えることがあります。<br>
            あらかじめ、ご了承頂きますよう、お願い申し上げます。<br>
            ご購入の際は、表記カラーをご確認の上<br>
            お買い求めください。<br><br>実店舗での販売も行っている為、<br>ご注文頂いたタイミングによって在庫が無い場合もございます。<br>その際は、メール等でご連絡させて頂きます。<br>ご了承くださいませ。<br><br>
    商品についての詳細はメールor直接店舗の方に<br>お電話下さい。</font></td>
  </tr>
  <tr>
    <td style=""border: 1px solid black;"" colspan=""2""><font size=""2"">ご購入前にサイズ表を必ずご確認ください。<br />
      サイズ表はコチラ</font><br><font size=""-2"">Copyright(C) メンズショップ ガイ All rights reserved.</font></td>
  </tr>
<tr><td style=""border: 1px solid black;"" colspan=""2"" align=""right""><font size=""2"">2012/8/8【入荷】</font></td></tr>
</table>
</center><div align=""center"">

<div align=""center"">
     <img src=""https://image.rakuten.co.jp/guy0084/cabinet/campaign/0506_mara_1000.gif"" alt=""1000円クーポンプレゼント"" width=""616"" height=""120"" border=""0""><br><br>
<img src=""https://image.rakuten.co.jp/guy0084/cabinet/campaign/0506_mara_500.gif"" alt=""500円クーポンプレゼント"" width=""616"" height=""120"" border=""0""><br><br>
<img src=""https://image.rakuten.co.jp/guy0084/cabinet/campaign/0506_mara_300.gif"" alt=""300円クーポンプレゼント"" width=""616"" height=""120"" border=""0""><br><br>
<img src=""https://image.rakuten.co.jp/guy0084/cabinet/campaign/0519_social_cupon.jpg"" alt=""200円クーポンプレゼント"" width=""616"" height=""120"" border=""0""><br><br>
</div>
<p>
<img src=""http://image.rakuten.co.jp/guy0084/cabinet/campaign/cool-sp2016_01-n.jpg"" alt=""クール仕立て"" width=""616"" height=""120"" border=""0"">
</p>
<img src=""http://image.rakuten.co.jp/guy0084/cabinet/parts/welcome-600.gif"" alt=""ご来店ありがとうございます"" width=""600"" height=""30"" border=""0"">
<br><img src=""http://www.rakuten.ne.jp/gold/guy0084/parts/space.gif"" width=""5"" height=""5"" alt=""""><br>
<!--GoQSystemランキング自動更新ツールワイド-->
<table align=""center"" width=""600"" border=""0"" cellpadding=""0"" cellspacing=""0"" bgcolor=""#FFFFFF"">
<tr>
<td>
<table align=""center"" width=""600"" border=""0"" cellpadding=""0"" cellspacing=""0"" bgcolor=""#FFFFFF"">
<tr>
<td align=""center"" valign=""bottom"" bgcolor=""#cccccc""><img src=""http://www.rakuten.ne.jp/gold/guy0084/goqsystem/600rankingtitel.gif"" width=""600"" /></td>
</tr>
</table>
<table align=""center"" width=""596"" border=""0"" cellpadding=""0"" cellspacing=""0"" bgcolor=""#CCCCCC"" style=""border-left:solid;border-left-width:1px;border-right:solid;border-right-width:1px;border-bottom:solid;border-bottom-width:1px;border-color:#CCCCCC;"">
<tr>
<td align=""center"" bgcolor=""#FFFFFF"">
<div class=""ifrm-container"" style=""width:598px;height:460px;overflow:auto;-webkit-overflow-scrolling:touch;"">

</div>
</td>
</tr>
<tr>
<td align=""right"" bgcolor=""#FFFFFF"" style=""padding:2px;"">
<img src=""http://www.rakuten.ne.jp/gold/guy0084/goqsystem/powered_by_banner.gif"" width=""125"" />
</td>
</tr>
</table>
</td>
</tr>
</table>
<!--GoQSystemランキング自動更新ツールワイド-->
</div>",Agis M＆R【エィジス エムアンドアール】ポリエステルスラックス【グレー】【お取り寄せ】【SALL】【auktn_50off】【2012/8/8】【楽天ランキング】【父の日】：オーダースーツ ＧＵＹ0084,オーダースーツオーダーシャツドレスシャツレディースオーダーシャツAgis M＆R【エィジス エムアンドアール】ポリエステルスラックス【グレー】【お取り寄せ】【SALL】【auktn_50off】【2012/8/8】【楽天ランキング】【父の日】,【送料無料】【春夏物】。Agis M＆R【エィジス エムアンドアール】ポリエステルスラックス【グレー】【お取り寄せ】【SALL】【auktn_50off】【2012/8/8】【楽天ランキング】【父の日】[rn]
13-87920,http://tshop.r10s.jp/guy0084/cabinet/off-img/slacks/11217-a_m.jpg?fitin=700:700,5511.2000,,メンズファッション > ズボン・パンツ,Agis M＆R【エィジス エムアンドアール】ワンタックスラックス/パンツ/ボトムス【ブラック】【SALL】【お取り寄せ】【auktn_50off】【2013/12/8】【楽天ランキング】【父の日】,【秋冬物】【送料無料】,"<!--QRコード-->
<center>
<table width=""355"" border=""0"" cellspacing=""0"" cellpadding=""0"">
<tr>
    <td colspan=""2"" align=""center""><font size=""2"" color=""#800000""><!-- 携帯ポイント企画 --></font><br>
<img src=""http://image.rakuten.co.jp/guy0084/cabinet/parts/souryou_bn01.gif"" alt=""送料のご案内"" width=""410"" height=""80"" border=""0""><br><font size=""2"">発送からのお届け予定日時間帯</font></td>
    </tr>
  <tr>
    <td align=""center""><img src=""http://image.rakuten.co.jp/guy0084/cabinet/parts/mobile-cart.gif"" alt=""携帯から注文する"" width=""215"" height=""100"" border=""0"" /></td>
    <td align=""center""><img src=""http://image.rakuten.co.jp/guy0084/cabinet/qr-code-003/11217-a.jpg"" alt=""携帯へアクセス"" width=""111"" height=""111"" border=""0""></td>
  </tr>
  </table>
</center>
<!--QRコードend-->
<!--ギフトアイコン-->
<center>
<table border=""0"" cellspacing=""0"" cellpadding=""2"">
<tr>
<td valign=""middle"" nowrap><font size=""-1"">ギフト対応<br>
  詳しくはコチラ</font></td>
<td valign=""baseline"">
<img src=""http://image.rakuten.co.jp/guy0084/cabinet/parts/icon_wrapping.gif"" alt=""ラッピング対応"" width=""100"" height=""21"" hspace=""1"">
<img src=""http://image.rakuten.co.jp/guy0084/cabinet/parts/icon_noshi.gif"" alt=""のし対応"" width=""100"" height=""21"" hspace=""1"">
<img src=""http://image.rakuten.co.jp/guy0084/cabinet/parts/icon_noshi_kimei.gif"" alt=""のし記名可"" width=""100"" height=""21"" hspace=""1""></td>
</tr>
</table>
<br><img src=""http://www.rakuten.ne.jp/gold/guy0084/parts/space.gif"" width=""1"" height=""10"" alt="""" /><br>
</center>
<!--ギフトアイコンend-->
<center><!--イベント用-->
<table  width=""355"" border=""3"" bordercolor=""#1F0B09"" frame=""box"">
  <tr>
    <td width=""30%""  align=""center"" valign=""middle"" style=""border: 1px solid black;""><font size=""2"">ブランド</font></td>
    <td style=""border: 1px solid black;"" width=""70%""><font size=""2"">Agis M&R【エィジス エムアンドアール】</font></td>
  </tr>
  <tr>
    <td width=""30%"" height=""8"" align=""center"" style=""border: 1px solid black;""><font size=""2"">サイズ</font></td>
    <td style=""border: 1px solid black;"" width=""70%""><font size=""2"">79、82、83、88、91、94、97、100、105</font></td>
  </tr>
  <tr>
    <td width=""30%"" align=""center"" valign=""middle"" style=""border: 1px solid black;""><font size=""2"">素材</font></td>
    <td style=""border: 1px solid black;"" width=""70%""><font size=""2"">ポリエステル100％</font></td>
  </tr>
  <tr>
    <td width=""30%"" align=""center"" valign=""middle"" style=""border: 1px solid black;""><font size=""2"">カラー</font></td>
    <td style=""border: 1px solid black;"" width=""70%""><font size=""2"">ブラック</font></td>
  </tr>
  <tr>
    <td width=""30%"" align=""center"" valign=""middle"" style=""border: 1px solid black;""><font size=""2"">スタイル</font></td>
    <td style=""border: 1px solid black;"" width=""70%""><font size=""2"">ジャケット（ブレザー）、ブルゾン（ジャンバー）<br>ワイシャツ、カッターシャツ<br>ドレスシャツ、ビジネススタイル<br>スーツスタイル、オフィススタイル<br>パーティ、クリスマス、<br>婚活、結婚式、披露宴、２次会</font></td>
  </tr>
  <tr>
    <td width=""30%"" align=""center"" valign=""middle"" style=""border: 1px solid black;""><font size=""2"">洗濯表示</font></td>
    <td width=""70%"" valign=""middle"" style=""border: 1px solid black;"">
<img src=""http://image.rakuten.co.jp/guy0084/cabinet/parts/laundry05.gif"" width=""43"" height=""43"" />
<img src=""http://image.rakuten.co.jp/guy0084/cabinet/parts/laundry02.gif"" width=""43"" height=""43"" />
<img src=""http://image.rakuten.co.jp/guy0084/cabinet/parts/laundry03.gif"" width=""43"" height=""43"" /><br>
<img src=""http://image.rakuten.co.jp/guy0084/cabinet/parts/laundry08.gif"" width=""43"" height=""43"" />
<img src=""http://image.rakuten.co.jp/guy0084/cabinet/parts/laundry06.gif"" width=""43"" height=""43"" />
<img src=""http://image.rakuten.co.jp/guy0084/cabinet/parts/laundry01.gif"" width=""43"" height=""43"" />

</td>
  </tr>
  <tr>
    <td colspan=""2"" bgcolor=""#ede4cd"" style=""border: 1px solid black;"" height=""8""><font size=""2"">【Key Word】</font></td>
  </tr>
  <tr>
    <td style=""border: 1px solid black;"" colspan=""2""><font size=""2"">１タック、MEN'S（メンズ）、パンツ</font></td>
  </tr>
  <tr>
    <td colspan=""2"" bgcolor=""#ede4cd"" style=""border: 1px solid black;"" height=""8""><font size=""2"">ギフト包装、プレゼント包装、のし対応</font></td>
  </tr>
    <tr>
    <td style=""border: 1px solid black;"" colspan=""2""><font size=""2"">お誕生日、昇進祝い、内祝い、バレンタインデー、クリスマス<br>入学祝い、卒業祝い、就職祝い、成人式<br>父の日、敬老の日 等　各種承っております。</font></td>
  </tr>
  <tr>
    <td colspan=""2"" style=""border: 1px solid black;"" bgcolor=""#990000"" height=""8""><font color=""#FFFFFF"" size=""2"">【注意事項】</font></td>
  </tr>
  <tr>
    <td style=""border: 1px solid black;"" colspan=""2""><font size=""2"">コチラの商品は一部メーカー取り寄せ商品の為、<br>発送に５営業日かかる場合がございます。<br><br>在庫の管理には万全を期しておりますが、メーカーでの<br>在庫状況（完売）により、ご注文を変更またはキャンセル<br>させて頂く場合がございます事を予めご了承くださいませ。</font></td>
  </tr> 
  <tr>
    <td colspan=""2"" bgcolor=""#000000"" style=""border: 1px solid black;"" height=""8""><font size=""2"" color=""white"">必ずお読みください</font></td>
  </tr>
  <tr>
    <td style=""border: 1px solid black;"" colspan=""2""><font size=""2"">ご使用のモニターによって、商品画像の色が<br>
            異なって見えることがあります。<br>
            あらかじめ、ご了承頂きますよう、お願い申し上げます。<br>
            ご購入の際は、表記カラーをご確認の上<br>
            お買い求めください。<br><br>実店舗での販売も行っている為、<br>ご注文頂いたタイミングによって在庫が無い場合もございます。<br>その際は、メール等でご連絡させて頂きます。<br>ご了承くださいませ。<br><br>
    商品についての詳細はメールor直接店舗の方に<br>お電話下さい。</font></td>
  </tr>
  <tr>
    <td style=""border: 1px solid black;"" colspan=""2""><font size=""2"">ご購入前にサイズ表を必ずご確認ください。<br />
      サイズ表はコチラ</font><br><font size=""-2"">Copyright(C) メンズショップ ガイ All rights reserved.</font></td>
  </tr>
<tr><td style=""border: 1px solid black;"" colspan=""2"" align=""right""><font size=""2"">  2013/12/8【入荷】</font></td></tr>
</table>
</center><div align=""center"">

<div align=""center"">
     <img src=""https://image.rakuten.co.jp/guy0084/cabinet/campaign/0506_mara_1000.gif"" alt=""1000円クーポンプレゼント"" width=""616"" height=""120"" border=""0""><br><br>
<img src=""https://image.rakuten.co.jp/guy0084/cabinet/campaign/0506_mara_500.gif"" alt=""500円クーポンプレゼント"" width=""616"" height=""120"" border=""0""><br><br>
<img src=""https://image.rakuten.co.jp/guy0084/cabinet/campaign/0506_mara_300.gif"" alt=""300円クーポンプレゼント"" width=""616"" height=""120"" border=""0""><br><br>
<img src=""https://image.rakuten.co.jp/guy0084/cabinet/campaign/0519_social_cupon.jpg"" alt=""200円クーポンプレゼント"" width=""616"" height=""120"" border=""0""><br><br>
</div>
<p>
<img src=""http://image.rakuten.co.jp/guy0084/cabinet/campaign/cool-sp2016_01-n.jpg"" alt=""クール仕立て"" width=""616"" height=""120"" border=""0"">
</p>
<img src=""http://image.rakuten.co.jp/guy0084/cabinet/parts/welcome-600.gif"" alt=""ご来店ありがとうございます"" width=""600"" height=""30"" border=""0"">
<br><img src=""http://www.rakuten.ne.jp/gold/guy0084/parts/space.gif"" width=""5"" height=""5"" alt=""""><br>
<!--GoQSystemランキング自動更新ツールワイド-->
<table align=""center"" width=""600"" border=""0"" cellpadding=""0"" cellspacing=""0"" bgcolor=""#FFFFFF"">
<tr>
<td>
<table align=""center"" width=""600"" border=""0"" cellpadding=""0"" cellspacing=""0"" bgcolor=""#FFFFFF"">
<tr>
<td align=""center"" valign=""bottom"" bgcolor=""#cccccc""><img src=""http://www.rakuten.ne.jp/gold/guy0084/goqsystem/600rankingtitel.gif"" width=""600"" /></td>
</tr>
</table>
<table align=""center"" width=""596"" border=""0"" cellpadding=""0"" cellspacing=""0"" bgcolor=""#CCCCCC"" style=""border-left:solid;border-left-width:1px;border-right:solid;border-right-width:1px;border-bottom:solid;border-bottom-width:1px;border-color:#CCCCCC;"">
<tr>
<td align=""center"" bgcolor=""#FFFFFF"">
<div class=""ifrm-container"" style=""width:598px;height:460px;overflow:auto;-webkit-overflow-scrolling:touch;"">

</div>
</td>
</tr>
<tr>
<td align=""right"" bgcolor=""#FFFFFF"" style=""padding:2px;"">
<img src=""http://www.rakuten.ne.jp/gold/guy0084/goqsystem/powered_by_banner.gif"" width=""125"" />
</td>
</tr>
</table>
</td>
</tr>
</table>
<!--GoQSystemランキング自動更新ツールワイド-->
</div>",Agis M＆R【エィジス エムアンドアール】ワンタックスラックス/パンツ/ボトムス【ブラック】【SALL】【お取り寄せ】【auktn_50off】【2013/12/8】【楽天ランキング】【父の日】：オーダースーツ ＧＵＹ0084,オーダースーツオーダーシャツドレスシャツレディースオーダーシャツAgis M＆R【エィジス エムアンドアール】ワンタックスラックス/パンツ/ボトムス【ブラック】【SALL】【お取り寄せ】【auktn_50off】【2013/12/8】【楽天ランキング】【父の日】,【秋冬物】【送料無料】。Agis M＆R【エィジス エムアンドアール】ワンタックスラックス/パンツ/ボトムス【ブラック】【SALL】【お取り寄せ】【auktn_50off】【2013/12/8】【楽天ランキング】【父の日】[rn]
13-87921,http://tshop.r10s.jp/guy0084/cabinet/pants-02/13-30013-c_m.jpg?fitin=700:700,5511.2000,,メンズファッション > ズボン・パンツ,Agis M＆R【エィジス エムアンドアール】ポリエステルスラックス【グレー】【SALL】【父の日ギフト】【auktn_50off】【2012/8/6】【楽天ランキング】,【送料無料】【春夏物】,"<!--QRコード-->
<center>
<table width=""355"" border=""0"" cellspacing=""0"" cellpadding=""0"">
<tr>
    <td colspan=""2"" align=""center""><font size=""2"" color=""#800000""><!-- 携帯ポイント企画 --></font>
<img src=""http://image.rakuten.co.jp/guy0084/cabinet/parts/souryou_bn01.gif"" alt=""送料のご案内"" width=""410"" height=""80"" border=""0""><br><font size=""2"">発送からのお届け予定日時間帯</font></td>
    </tr>
  <tr>
    <td align=""center""><img src=""http://image.rakuten.co.jp/guy0084/cabinet/parts/mobile-cart.gif"" alt=""携帯から注文する"" width=""215"" height=""100"" border=""0"" /></td>
    <td align=""center""><img src=""http://image.rakuten.co.jp/guy0084/cabinet/qr-code-001/13-30013-c.jpg"" alt=""携帯へアクセス"" width=""111"" height=""111"" border=""0""></td>
  </tr>
  </table>
</center>
<!--QRコードend-->
<!--ギフトアイコン-->
<center>
<table border=""0"" cellspacing=""0"" cellpadding=""2"">
<tr>
<td valign=""middle"" nowrap><font size=""-1"">ギフト対応<br>
  詳しくはコチラ</font></td>
<td valign=""baseline"">
<img src=""http://image.rakuten.co.jp/guy0084/cabinet/parts/icon_wrapping.gif"" alt=""ラッピング対応"" width=""100"" height=""21"" hspace=""1"">
<img src=""http://image.rakuten.co.jp/guy0084/cabinet/parts/icon_noshi.gif"" alt=""のし対応"" width=""100"" height=""21"" hspace=""1"">
<img src=""http://image.rakuten.co.jp/guy0084/cabinet/parts/icon_noshi_kimei.gif"" alt=""のし記名可"" width=""100"" height=""21"" hspace=""1""></td>
</tr>
</table>
<br><img src=""http://www.rakuten.ne.jp/gold/guy0084/parts/space.gif"" width=""1"" height=""10"" alt="""" /><br>
</center>
<!--ギフトアイコンend-->
<center><!--イベント-->
<img src=""http://www.rakuten.ne.jp/gold/guy0084/parts/space.gif"" width=""1"" height=""5"" alt=""""><br>

<table  width=""355"" border=""3"" bordercolor=""#1F0B09"" frame=""box"">
  <tr>
    <td width=""30%""  align=""center"" valign=""middle"" style=""border: 1px solid black;""><font size=""2"">ブランド</font></td>
    <td style=""border: 1px solid black;"" width=""70%""><font size=""2"">Agis M&R【エィジス エムアンドアール】</font></td>
  </tr>
  <tr>
    <td width=""30%"" height=""8"" align=""center"" style=""border: 1px solid black;""><font size=""2"">サイズ</font></td>
    <td style=""border: 1px solid black;"" width=""70%""><font size=""2"">82、85、91、94</font></td>
  </tr>
  <tr>
    <td width=""30%"" align=""center"" valign=""middle"" style=""border: 1px solid black;""><font size=""2"">素材</font></td>
    <td style=""border: 1px solid black;"" width=""70%""><font size=""2"">ポリエステル100％</font></td>
  </tr>
  <tr>
    <td width=""30%"" align=""center"" valign=""middle"" style=""border: 1px solid black;""><font size=""2"">カラー</font></td>
    <td style=""border: 1px solid black;"" width=""70%""><font size=""2"">グレー</font></td>
  </tr>
  <tr>
    <td width=""30%"" align=""center"" valign=""middle"" style=""border: 1px solid black;""><font size=""2"">スタイル</font></td>
    <td style=""border: 1px solid black;"" width=""70%""><font size=""2"">ジャケット（ブレザー）、ブルゾン（ジャンバー）<br>ワイシャツ、カッターシャツ<br>ドレスシャツ、ビジネススタイル<br>スーツスタイル、オフィススタイル<br>パーティ、クリスマス、<br>婚活、結婚式、披露宴、２次会</font></td>
  </tr>
  <tr>
    <td width=""30%"" align=""center"" valign=""middle"" style=""border: 1px solid black;""><font size=""2"">洗濯表示</font></td>
    <td width=""70%"" valign=""middle"" style=""border: 1px solid black;"">
<img src=""http://image.rakuten.co.jp/guy0084/cabinet/parts/laundry04.gif"" width=""43"" height=""43"" />
<img src=""http://image.rakuten.co.jp/guy0084/cabinet/parts/laundry02.gif"" width=""43"" height=""43"" />
<img src=""http://image.rakuten.co.jp/guy0084/cabinet/parts/laundry03.gif"" width=""43"" height=""43"" />
<img src=""http://image.rakuten.co.jp/guy0084/cabinet/parts/laundry08.gif"" width=""43"" height=""43"" />
<img src=""http://image.rakuten.co.jp/guy0084/cabinet/parts/laundry00.gif"" width=""43"" height=""43"" />

</td>
  </tr>
  <tr>
    <td colspan=""2"" bgcolor=""#ede4cd"" style=""border: 1px solid black;"" height=""8""><font size=""2"">【Key Word】</font></td>
  </tr>
  <tr>
    <td style=""border: 1px solid black;"" colspan=""2""><font size=""2"">MEN'S（メンズ）、パンツ<br>ゴルフ、会合、婚活、寄り合い、旅行<br>2タック、ナノテクノロジー</font></td>
  </tr>
  <tr>
    <td colspan=""2"" bgcolor=""#ede4cd"" style=""border: 1px solid black;"" height=""8""><font size=""2"">ギフト包装、プレゼント包装、のし対応</font></td>
  </tr>
  <tr>
    <td style=""border: 1px solid black;"" colspan=""2""><font size=""2"">お誕生日、昇進祝い、内祝い、バレンタインデー、クリスマス<br>入学祝い、卒業祝い、就職祝い、成人式<br>父の日、敬老の日 等　各種承っております。</font></td>
  </tr>
  <tr>
    <td colspan=""2"" bgcolor=""#000000"" style=""border: 1px solid black;"" height=""8""><font size=""2"" color=""white"">必ずお読みください</font></td>
  </tr>
  <tr>
    <td style=""border: 1px solid black;"" colspan=""2""><font size=""2"">ご使用のモニターによって、商品画像の色が<br>
            異なって見えることがあります。<br>
            あらかじめ、ご了承頂きますよう、お願い申し上げます。<br>
            ご購入の際は、表記カラーをご確認の上<br>
            お買い求めください。<br>実店舗での販売も行っている為、<br>ご注文頂いたタイミングによって在庫が無い場合もございます。<br>その際は、メール等でご連絡させて頂きます。<br>ご了承くださいませ。<br>
    商品についての詳細はメールor直接店舗の方に<br>お電話下さい。</font></td>
  </tr>
  <tr>
    <td style=""border: 1px solid black;"" colspan=""2""><font size=""2"">ご購入前にサイズ表を必ずご確認ください。<br />
      サイズ表はコチラ</font><br><font size=""-2"">Copyright(C) メンズショップ ガイ All rights reserved.</font></td>
  </tr>
<tr><td style=""border: 1px solid black;"" colspan=""2"" align=""right""><font size=""2"">2012/8/6【入荷】</font></td></tr>
</table>
</center><div align=""center"">

<div align=""center"">
     <img src=""https://image.rakuten.co.jp/guy0084/cabinet/campaign/0506_mara_1000.gif"" alt=""1000円クーポンプレゼント"" width=""616"" height=""120"" border=""0""><br><br>
<img src=""https://image.rakuten.co.jp/guy0084/cabinet/campaign/0506_mara_500.gif"" alt=""500円クーポンプレゼント"" width=""616"" height=""120"" border=""0""><br><br>
<img src=""https://image.rakuten.co.jp/guy0084/cabinet/campaign/0506_mara_300.gif"" alt=""300円クーポンプレゼント"" width=""616"" height=""120"" border=""0""><br><br>
<img src=""https://image.rakuten.co.jp/guy0084/cabinet/campaign/0519_social_cupon.jpg"" alt=""200円クーポンプレゼント"" width=""616"" height=""120"" border=""0""><br><br>
</div>
<p>
<img src=""http://image.rakuten.co.jp/guy0084/cabinet/campaign/cool-sp2016_01-n.jpg"" alt=""クール仕立て"" width=""616"" height=""120"" border=""0"">
</p>
<img src=""http://image.rakuten.co.jp/guy0084/cabinet/parts/welcome-600.gif"" alt=""ご来店ありがとうございます"" width=""600"" height=""30"" border=""0"">
<br><img src=""http://www.rakuten.ne.jp/gold/guy0084/parts/space.gif"" width=""5"" height=""5"" alt=""""><br>
<!--GoQSystemランキング自動更新ツールワイド-->
<table align=""center"" width=""600"" border=""0"" cellpadding=""0"" cellspacing=""0"" bgcolor=""#FFFFFF"">
<tr>
<td>
<table align=""center"" width=""600"" border=""0"" cellpadding=""0"" cellspacing=""0"" bgcolor=""#FFFFFF"">
<tr>
<td align=""center"" valign=""bottom"" bgcolor=""#cccccc""><img src=""http://www.rakuten.ne.jp/gold/guy0084/goqsystem/600rankingtitel.gif"" width=""600"" /></td>
</tr>
</table>
<table align=""center"" width=""596"" border=""0"" cellpadding=""0"" cellspacing=""0"" bgcolor=""#CCCCCC"" style=""border-left:solid;border-left-width:1px;border-right:solid;border-right-width:1px;border-bottom:solid;border-bottom-width:1px;border-color:#CCCCCC;"">
<tr>
<td align=""center"" bgcolor=""#FFFFFF"">
<div class=""ifrm-container"" style=""width:598px;height:460px;overflow:auto;-webkit-overflow-scrolling:touch;"">

</div>
</td>
</tr>
<tr>
<td align=""right"" bgcolor=""#FFFFFF"" style=""padding:2px;"">
<img src=""http://www.rakuten.ne.jp/gold/guy0084/goqsystem/powered_by_banner.gif"" width=""125"" />
</td>
</tr>
</table>
</td>
</tr>
</table>
<!--GoQSystemランキング自動更新ツールワイド-->
</div>",Agis M＆R【エィジス エムアンドアール】ポリエステルスラックス【グレー】【SALL】【父の日ギフト】【auktn_50off】【2012/8/6】【楽天ランキング】：オーダースーツ ＧＵＹ0084,オーダースーツオーダーシャツドレスシャツレディースオーダーシャツAgis M＆R【エィジス エムアンドアール】ポリエステルスラックス【グレー】【SALL】【父の日ギフト】【auktn_50off】【2012/8/6】【楽天ランキング】,【送料無料】【春夏物】。Agis M＆R【エィジス エムアンドアール】ポリエステルスラックス【グレー】【SALL】【父の日ギフト】【auktn_50off】【2012/8/6】【楽天ランキング】[rn]
13-87922,http://tshop.r10s.jp/guy0084/cabinet/off-img/slacks/31217-b_m.jpg?fitin=700:700,5511.2000,,メンズファッション > ズボン・パンツ,Agis M＆R【エィジス エムアンドアール】ワンタックスラックス/パンツ/ボトムス【ネイビー】【SALL】【お取り寄せ】【auktn_50off】【2014/9/13】【楽天ランキング】【父の日】,【秋冬物】【送料無料】,"<!--QRコード-->
<center>
<table width=""355"" border=""0"" cellspacing=""0"" cellpadding=""0"">
<tr>
    <td colspan=""2"" align=""center""><font size=""2"" color=""#800000""><!-- 携帯ポイント企画 --></font><br>
<img src=""http://image.rakuten.co.jp/guy0084/cabinet/parts/souryou_bn01.gif"" alt=""送料のご案内"" width=""410"" height=""80"" border=""0""><br><font size=""2"">発送からのお届け予定日時間帯</font></td>
    </tr>
  <tr>
    <td align=""center""><img src=""http://image.rakuten.co.jp/guy0084/cabinet/parts/mobile-cart.gif"" alt=""携帯から注文する"" width=""215"" height=""100"" border=""0"" /></td>
    <td align=""center""><img src=""http://image.rakuten.co.jp/guy0084/cabinet/qr-code-003/31217-b.jpg"" alt=""携帯へアクセス"" width=""111"" height=""111"" border=""0""></td>
  </tr>
  </table>
</center>
<!--QRコードend-->
<!--ギフトアイコン-->
<center>
<table border=""0"" cellspacing=""0"" cellpadding=""2"">
<tr>
<td valign=""middle"" nowrap><font size=""-1"">ギフト対応<br>
  詳しくはコチラ</font></td>
<td valign=""baseline"">
<img src=""http://image.rakuten.co.jp/guy0084/cabinet/parts/icon_wrapping.gif"" alt=""ラッピング対応"" width=""100"" height=""21"" hspace=""1"">
<img src=""http://image.rakuten.co.jp/guy0084/cabinet/parts/icon_noshi.gif"" alt=""のし対応"" width=""100"" height=""21"" hspace=""1"">
<img src=""http://image.rakuten.co.jp/guy0084/cabinet/parts/icon_noshi_kimei.gif"" alt=""のし記名可"" width=""100"" height=""21"" hspace=""1""></td>
</tr>
</table>
<br><img src=""http://www.rakuten.ne.jp/gold/guy0084/parts/space.gif"" width=""1"" height=""10"" alt="""" /><br>
</center>
<!--ギフトアイコンend-->
<center><!--イベント用-->
<table  width=""355"" border=""3"" bordercolor=""#1F0B09"" frame=""box"">
  <tr>
    <td width=""30%""  align=""center"" valign=""middle"" style=""border: 1px solid black;""><font size=""2"">ブランド</font></td>
    <td style=""border: 1px solid black;"" width=""70%""><font size=""2"">Agis M&R【エィジス エムアンドアール】</font></td>
  </tr>
  <tr>
    <td width=""30%"" height=""8"" align=""center"" style=""border: 1px solid black;""><font size=""2"">サイズ</font></td>
    <td style=""border: 1px solid black;"" width=""70%""><font size=""2"">82、88、91、94、97、100、105</font></td>
  </tr>
  <tr>
    <td width=""30%"" align=""center"" valign=""middle"" style=""border: 1px solid black;""><font size=""2"">素材</font></td>
    <td style=""border: 1px solid black;"" width=""70%""><font size=""2"">ポリエステル100％</font></td>
  </tr>
  <tr>
    <td width=""30%"" align=""center"" valign=""middle"" style=""border: 1px solid black;""><font size=""2"">カラー</font></td>
    <td style=""border: 1px solid black;"" width=""70%""><font size=""2"">ネイビー</font></td>
  </tr>
  <tr>
    <td width=""30%"" align=""center"" valign=""middle"" style=""border: 1px solid black;""><font size=""2"">スタイル</font></td>
    <td style=""border: 1px solid black;"" width=""70%""><font size=""2"">ジャケット（ブレザー）、ブルゾン（ジャンバー）<br>ワイシャツ、カッターシャツ<br>ドレスシャツ、ビジネススタイル<br>スーツスタイル、オフィススタイル<br>パーティ、クリスマス、<br>婚活、結婚式、披露宴、２次会</font></td>
  </tr>
  <tr>
    <td width=""30%"" align=""center"" valign=""middle"" style=""border: 1px solid black;""><font size=""2"">洗濯表示</font></td>
    <td width=""70%"" valign=""middle"" style=""border: 1px solid black;"">
<img src=""http://image.rakuten.co.jp/guy0084/cabinet/parts/laundry20.gif"" width=""43"" height=""43"" />
<img src=""http://image.rakuten.co.jp/guy0084/cabinet/parts/laundry02.gif"" width=""43"" height=""43"" />
<img src=""http://image.rakuten.co.jp/guy0084/cabinet/parts/laundry03.gif"" width=""43"" height=""43"" /><br>
<img src=""http://image.rakuten.co.jp/guy0084/cabinet/parts/laundry08.gif"" width=""43"" height=""43"" />
<img src=""http://image.rakuten.co.jp/guy0084/cabinet/parts/laundry06.gif"" width=""43"" height=""43"" />
<img src=""http://image.rakuten.co.jp/guy0084/cabinet/parts/laundry01.gif"" width=""43"" height=""43"" />

</td>
  </tr>
  <tr>
    <td colspan=""2"" bgcolor=""#ede4cd"" style=""border: 1px solid black;"" height=""8""><font size=""2"">【Key Word】</font></td>
  </tr>
  <tr>
    <td style=""border: 1px solid black;"" colspan=""2""><font size=""2"">１タック、MEN'S（メンズ）、パンツ</font></td>
  </tr>
  <tr>
    <td colspan=""2"" bgcolor=""#ede4cd"" style=""border: 1px solid black;"" height=""8""><font size=""2"">ギフト包装、プレゼント包装、のし対応</font></td>
  </tr>
    <tr>
    <td style=""border: 1px solid black;"" colspan=""2""><font size=""2"">お誕生日、昇進祝い、内祝い、バレンタインデー、クリスマス<br>入学祝い、卒業祝い、就職祝い、成人式<br>父の日、敬老の日 等　各種承っております。</font></td>
  </tr>
  <tr>
    <td colspan=""2"" style=""border: 1px solid black;"" bgcolor=""#990000"" height=""8""><font color=""#FFFFFF"" size=""2"">【注意事項】</font></td>
  </tr>
  <tr>
    <td style=""border: 1px solid black;"" colspan=""2""><font size=""2"">コチラの商品は一部メーカー取り寄せ商品の為、<br>発送に５営業日かかる場合がございます。<br><br>在庫の管理には万全を期しておりますが、メーカーでの<br>在庫状況（完売）により、ご注文を変更またはキャンセル<br>させて頂く場合がございます事を予めご了承くださいませ。</font></td>
  </tr> 
  <tr>
    <td colspan=""2"" bgcolor=""#000000"" style=""border: 1px solid black;"" height=""8""><font size=""2"" color=""white"">必ずお読みください</font></td>
  </tr>
  <tr>
    <td style=""border: 1px solid black;"" colspan=""2""><font size=""2"">ご使用のモニターによって、商品画像の色が<br>
            異なって見えることがあります。<br>
            あらかじめ、ご了承頂きますよう、お願い申し上げます。<br>
            ご購入の際は、表記カラーをご確認の上<br>
            お買い求めください。<br><br>実店舗での販売も行っている為、<br>ご注文頂いたタイミングによって在庫が無い場合もございます。<br>その際は、メール等でご連絡させて頂きます。<br>ご了承くださいませ。<br><br>
    商品についての詳細はメールor直接店舗の方に<br>お電話下さい。</font></td>
  </tr>
  <tr>
    <td style=""border: 1px solid black;"" colspan=""2""><font size=""2"">ご購入前にサイズ表を必ずご確認ください。<br />
      サイズ表はコチラ</font><br><font size=""-2"">Copyright(C) メンズショップ ガイ All rights reserved.</font></td>
  </tr>
<tr><td style=""border: 1px solid black;"" colspan=""2"" align=""right""><font size=""2"">  2014/9/13【再入荷】</font></td></tr>
</table>
</center><div align=""center"">

<div align=""center"">
     <img src=""https://image.rakuten.co.jp/guy0084/cabinet/campaign/0506_mara_1000.gif"" alt=""1000円クーポンプレゼント"" width=""616"" height=""120"" border=""0""><br><br>
<img src=""https://image.rakuten.co.jp/guy0084/cabinet/campaign/0506_mara_500.gif"" alt=""500円クーポンプレゼント"" width=""616"" height=""120"" border=""0""><br><br>
<img src=""https://image.rakuten.co.jp/guy0084/cabinet/campaign/0506_mara_300.gif"" alt=""300円クーポンプレゼント"" width=""616"" height=""120"" border=""0""><br><br>
<img src=""https://image.rakuten.co.jp/guy0084/cabinet/campaign/0519_social_cupon.jpg"" alt=""200円クーポンプレゼント"" width=""616"" height=""120"" border=""0""><br><br>
</div>
<p>
<img src=""http://image.rakuten.co.jp/guy0084/cabinet/campaign/cool-sp2016_01-n.jpg"" alt=""クール仕立て"" width=""616"" height=""120"" border=""0"">
</p>
<img src=""http://image.rakuten.co.jp/guy0084/cabinet/parts/welcome-600.gif"" alt=""ご来店ありがとうございます"" width=""600"" height=""30"" border=""0"">
<br><img src=""http://www.rakuten.ne.jp/gold/guy0084/parts/space.gif"" width=""5"" height=""5"" alt=""""><br>
<!--GoQSystemランキング自動更新ツールワイド-->
<table align=""center"" width=""600"" border=""0"" cellpadding=""0"" cellspacing=""0"" bgcolor=""#FFFFFF"">
<tr>
<td>
<table align=""center"" width=""600"" border=""0"" cellpadding=""0"" cellspacing=""0"" bgcolor=""#FFFFFF"">
<tr>
<td align=""center"" valign=""bottom"" bgcolor=""#cccccc""><img src=""http://www.rakuten.ne.jp/gold/guy0084/goqsystem/600rankingtitel.gif"" width=""600"" /></td>
</tr>
</table>
<table align=""center"" width=""596"" border=""0"" cellpadding=""0"" cellspacing=""0"" bgcolor=""#CCCCCC"" style=""border-left:solid;border-left-width:1px;border-right:solid;border-right-width:1px;border-bottom:solid;border-bottom-width:1px;border-color:#CCCCCC;"">
<tr>
<td align=""center"" bgcolor=""#FFFFFF"">
<div class=""ifrm-container"" style=""width:598px;height:460px;overflow:auto;-webkit-overflow-scrolling:touch;"">

</div>
</td>
</tr>
<tr>
<td align=""right"" bgcolor=""#FFFFFF"" style=""padding:2px;"">
<img src=""http://www.rakuten.ne.jp/gold/guy0084/goqsystem/powered_by_banner.gif"" width=""125"" />
</td>
</tr>
</table>
</td>
</tr>
</table>
<!--GoQSystemランキング自動更新ツールワイド-->
</div>",Agis M＆R【エィジス エムアンドアール】ワンタックスラックス/パンツ/ボトムス【ネイビー】【SALL】【お取り寄せ】【auktn_50off】【2014/9/13】【楽天ランキング】【父の日】：オーダースーツ ＧＵＹ0084,オーダースーツオーダーシャツドレスシャツレディースオーダーシャツAgis M＆R【エィジス エムアンドアール】ワンタックスラックス/パンツ/ボトムス【ネイビー】【SALL】【お取り寄せ】【auktn_50off】【2014/9/13】【楽天ランキング】【父の日】,【秋冬物】【送料無料】。Agis M＆R【エィジス エムアンドアール】ワンタックスラックス/パンツ/ボトムス【ネイビー】【SALL】【お取り寄せ】【auktn_50off】【2014/9/13】【楽天ランキング】【父の日】[rn]
13-87923,http://tshop.r10s.jp/guy0084/cabinet/off-img/slacks/3287-c_m.jpg?fitin=700:700,6325.6000,,メンズファッション > ズボン・パンツ,Agis M＆R【エィジス エムアンドアール】ツータックスラックス/パンツ/ボトムス【ライトグレー】【SALL】【お取り寄せ】【auktn_50off】【2013/12/8】【楽天ランキング】【父の日】,【秋冬物】【送料無料】,"<!--QRコード-->
<center>
<table width=""355"" border=""0"" cellspacing=""0"" cellpadding=""0"">
<tr>
    <td colspan=""2"" align=""center""><font size=""2"" color=""#800000""><!-- 携帯ポイント企画 --></font><br>
<img src=""http://image.rakuten.co.jp/guy0084/cabinet/parts/souryou_bn01.gif"" alt=""送料のご案内"" width=""410"" height=""80"" border=""0""><br><font size=""2"">発送からのお届け予定日時間帯</font></td>
    </tr>
  <tr>
    <td align=""center""><img src=""http://image.rakuten.co.jp/guy0084/cabinet/parts/mobile-cart.gif"" alt=""携帯から注文する"" width=""215"" height=""100"" border=""0"" /></td>
    <td align=""center""><img src=""http://image.rakuten.co.jp/guy0084/cabinet/qr-code-003/3287-c.jpg"" alt=""携帯へアクセス"" width=""111"" height=""111"" border=""0""></td>
  </tr>
  </table>
</center>
<!--QRコードend-->
<!--ギフトアイコン-->
<center>
<table border=""0"" cellspacing=""0"" cellpadding=""2"">
<tr>
<td valign=""middle"" nowrap><font size=""-1"">ギフト対応<br>
  詳しくはコチラ</font></td>
<td valign=""baseline"">
<img src=""http://image.rakuten.co.jp/guy0084/cabinet/parts/icon_wrapping.gif"" alt=""ラッピング対応"" width=""100"" height=""21"" hspace=""1"">
<img src=""http://image.rakuten.co.jp/guy0084/cabinet/parts/icon_noshi.gif"" alt=""のし対応"" width=""100"" height=""21"" hspace=""1"">
<img src=""http://image.rakuten.co.jp/guy0084/cabinet/parts/icon_noshi_kimei.gif"" alt=""のし記名可"" width=""100"" height=""21"" hspace=""1""></td>
</tr>
</table>
<br><img src=""http://www.rakuten.ne.jp/gold/guy0084/parts/space.gif"" width=""1"" height=""10"" alt="""" /><br>
</center>
<!--ギフトアイコンend-->
<center><!--イベント用-->
<table  width=""355"" border=""3"" bordercolor=""#1F0B09"" frame=""box"">
  <tr>
    <td width=""30%""  align=""center"" valign=""middle"" style=""border: 1px solid black;""><font size=""2"">ブランド</font></td>
    <td style=""border: 1px solid black;"" width=""70%""><font size=""2"">Agis M&R【エィジス エムアンドアール】</font></td>
  </tr>
  <tr>
    <td width=""30%"" height=""8"" align=""center"" style=""border: 1px solid black;""><font size=""2"">サイズ</font></td>
    <td style=""border: 1px solid black;"" width=""70%""><font size=""2"">85、91、97</font></td>
  </tr>
  <tr>
    <td width=""30%"" align=""center"" valign=""middle"" style=""border: 1px solid black;""><font size=""2"">素材</font></td>
    <td style=""border: 1px solid black;"" width=""70%""><font size=""2"">毛100％</font></td>
  </tr>
  <tr>
    <td width=""30%"" align=""center"" valign=""middle"" style=""border: 1px solid black;""><font size=""2"">カラー</font></td>
    <td style=""border: 1px solid black;"" width=""70%""><font size=""2"">ライトグレー</font></td>
  </tr>
  <tr>
    <td width=""30%"" align=""center"" valign=""middle"" style=""border: 1px solid black;""><font size=""2"">スタイル</font></td>
    <td style=""border: 1px solid black;"" width=""70%""><font size=""2"">ジャケット（ブレザー）、ブルゾン（ジャンバー）<br>ワイシャツ、カッターシャツ<br>ドレスシャツ、ビジネススタイル<br>スーツスタイル、オフィススタイル<br>パーティ、クリスマス、<br>婚活、結婚式、披露宴、２次会</font></td>
  </tr>
  <tr>
    <td width=""30%"" align=""center"" valign=""middle"" style=""border: 1px solid black;""><font size=""2"">洗濯表示</font></td>
    <td width=""70%"" valign=""middle"" style=""border: 1px solid black;"">
<img src=""http://image.rakuten.co.jp/guy0084/cabinet/parts/laundry09.gif"" width=""43"" height=""43"" />
<img src=""http://image.rakuten.co.jp/guy0084/cabinet/parts/laundry02.gif"" width=""43"" height=""43"" />
<img src=""http://image.rakuten.co.jp/guy0084/cabinet/parts/laundry03.gif"" width=""43"" height=""43"" />
<img src=""http://image.rakuten.co.jp/guy0084/cabinet/parts/laundry08.gif"" width=""43"" height=""43"" />
<img src=""http://image.rakuten.co.jp/guy0084/cabinet/parts/laundry00.gif"" width=""43"" height=""43"" />

</td>
  </tr>
  <tr>
    <td colspan=""2"" bgcolor=""#ede4cd"" style=""border: 1px solid black;"" height=""8""><font size=""2"">【Key Word】</font></td>
  </tr>
  <tr>
    <td style=""border: 1px solid black;"" colspan=""2""><font size=""2"">2タック、MEN'S（メンズ）、パンツ</font></td>
  </tr>
  <tr>
    <td colspan=""2"" bgcolor=""#ede4cd"" style=""border: 1px solid black;"" height=""8""><font size=""2"">ギフト包装、プレゼント包装、のし対応</font></td>
  </tr>
    <tr>
    <td style=""border: 1px solid black;"" colspan=""2""><font size=""2"">お誕生日、昇進祝い、内祝い、バレンタインデー、クリスマス<br>入学祝い、卒業祝い、就職祝い、成人式<br>父の日、敬老の日 等　各種承っております。</font></td>
  </tr>
  <tr>
    <td colspan=""2"" style=""border: 1px solid black;"" bgcolor=""#990000"" height=""8""><font color=""#FFFFFF"" size=""2"">【注意事項】</font></td>
  </tr>
  <tr>
    <td style=""border: 1px solid black;"" colspan=""2""><font size=""2"">コチラの商品は一部メーカー取り寄せ商品の為、<br>発送に５営業日かかる場合がございます。<br><br>在庫の管理には万全を期しておりますが、メーカーでの<br>在庫状況（完売）により、ご注文を変更またはキャンセル<br>させて頂く場合がございます事を予めご了承くださいませ。</font></td>
  </tr> 
  <tr>
    <td colspan=""2"" bgcolor=""#000000"" style=""border: 1px solid black;"" height=""8""><font size=""2"" color=""white"">必ずお読みください</font></td>
  </tr>
  <tr>
    <td style=""border: 1px solid black;"" colspan=""2""><font size=""2"">ご使用のモニターによって、商品画像の色が<br>
            異なって見えることがあります。<br>
            あらかじめ、ご了承頂きますよう、お願い申し上げます。<br>
            ご購入の際は、表記カラーをご確認の上<br>
            お買い求めください。<br><br>実店舗での販売も行っている為、<br>ご注文頂いたタイミングによって在庫が無い場合もございます。<br>その際は、メール等でご連絡させて頂きます。<br>ご了承くださいませ。<br><br>
    商品についての詳細はメールor直接店舗の方に<br>お電話下さい。</font></td>
  </tr>
  <tr>
    <td style=""border: 1px solid black;"" colspan=""2""><font size=""2"">ご購入前にサイズ表を必ずご確認ください。<br />
      サイズ表はコチラ</font><br><font size=""-2"">Copyright(C) メンズショップ ガイ All rights reserved.</font></td>
  </tr>
<tr><td style=""border: 1px solid black;"" colspan=""2"" align=""right""><font size=""2"">  2013/12/8【入荷】</font></td></tr>
</table>
</center><div align=""center"">

<div align=""center"">
     <img src=""https://image.rakuten.co.jp/guy0084/cabinet/campaign/0506_mara_1000.gif"" alt=""1000円クーポンプレゼント"" width=""616"" height=""120"" border=""0""><br><br>
<img src=""https://image.rakuten.co.jp/guy0084/cabinet/campaign/0506_mara_500.gif"" alt=""500円クーポンプレゼント"" width=""616"" height=""120"" border=""0""><br><br>
<img src=""https://image.rakuten.co.jp/guy0084/cabinet/campaign/0506_mara_300.gif"" alt=""300円クーポンプレゼント"" width=""616"" height=""120"" border=""0""><br><br>
<img src=""https://image.rakuten.co.jp/guy0084/cabinet/campaign/0519_social_cupon.jpg"" alt=""200円クーポンプレゼント"" width=""616"" height=""120"" border=""0""><br><br>
</div>
<p>
<img src=""http://image.rakuten.co.jp/guy0084/cabinet/campaign/cool-sp2016_01-n.jpg"" alt=""クール仕立て"" width=""616"" height=""120"" border=""0"">
</p>
<img src=""http://image.rakuten.co.jp/guy0084/cabinet/parts/welcome-600.gif"" alt=""ご来店ありがとうございます"" width=""600"" height=""30"" border=""0"">
<br><img src=""http://www.rakuten.ne.jp/gold/guy0084/parts/space.gif"" width=""5"" height=""5"" alt=""""><br>
<!--GoQSystemランキング自動更新ツールワイド-->
<table align=""center"" width=""600"" border=""0"" cellpadding=""0"" cellspacing=""0"" bgcolor=""#FFFFFF"">
<tr>
<td>
<table align=""center"" width=""600"" border=""0"" cellpadding=""0"" cellspacing=""0"" bgcolor=""#FFFFFF"">
<tr>
<td align=""center"" valign=""bottom"" bgcolor=""#cccccc""><img src=""http://www.rakuten.ne.jp/gold/guy0084/goqsystem/600rankingtitel.gif"" width=""600"" /></td>
</tr>
</table>
<table align=""center"" width=""596"" border=""0"" cellpadding=""0"" cellspacing=""0"" bgcolor=""#CCCCCC"" style=""border-left:solid;border-left-width:1px;border-right:solid;border-right-width:1px;border-bottom:solid;border-bottom-width:1px;border-color:#CCCCCC;"">
<tr>
<td align=""center"" bgcolor=""#FFFFFF"">
<div class=""ifrm-container"" style=""width:598px;height:460px;overflow:auto;-webkit-overflow-scrolling:touch;"">

</div>
</td>
</tr>
<tr>
<td align=""right"" bgcolor=""#FFFFFF"" style=""padding:2px;"">
<img src=""http://www.rakuten.ne.jp/gold/guy0084/goqsystem/powered_by_banner.gif"" width=""125"" />
</td>
</tr>
</table>
</td>
</tr>
</table>
<!--GoQSystemランキング自動更新ツールワイド-->
</div>",Agis M＆R【エィジス エムアンドアール】ツータックスラックス/パンツ/ボトムス【ライトグレー】【SALL】【お取り寄せ】【auktn_50off】【2013/12/8】【楽天ランキング】【父の日】：オーダースーツ ＧＵＹ0084,オーダースーツオーダーシャツドレスシャツレディースオーダーシャツAgis M＆R【エィジス エムアンドアール】ツータックスラックス/パンツ/ボトムス【ライトグレー】【SALL】【お取り寄せ】【auktn_50off】【2013/12/8】【楽天ランキング】【父の日】,【秋冬物】【送料無料】。Agis M＆R【エィジス エムアンドアール】ツータックスラックス/パンツ/ボトムス【ライトグレー】【SALL】【お取り寄せ】【auktn_50off】【2013/12/8】【楽天ランキング】【父の日】[rn]
13-87924,http://tshop.r10s.jp/topsshop/cabinet/04695008/04706176/imgrc0069326145.jpg?fitin=700:700,3024.0000,,メンズファッション > ズボン・パンツ,2017夏作・ユニーク配色サルエルパンツ メンズ　ハロンパンツメンズ スウェットパンツ メンズ ワイドパンツ メンズ スポーツパンツスウエットパンツ ダンススウェットパンツ HIPHOPダンス大きサイズ トレーニングジャージ カジュアルアメカジサロン系お兄系,サルエルパンツ メンズハロンパンツメンズ ワイドパンツ メンズ,"<br>薄手で動きやすく気取らずに履けるおすすめのパンツです。<br>
ユニセックスで使えるデザインで、ロックやモードファッションに最適な個性的アイテムです。<br>

★素材：９０％コットン<br>
★サイズ：ウェスト６２～９６ｃｍ、ヒップ１１２ｃｍ、股上６１ｃｍ、総丈９２ｃｍ<br>
★重さ：０．３３ｋｇ<br>

<br>人の手で測っていますので、多少の誤差はご容赦下さい。<br><img src=""""><br>",2017夏作・ユニーク配色サルエルパンツ メンズ　ハロンパンツメンズ スウェットパンツ メンズ ワイドパンツ メンズ スポーツパンツスウエットパンツ ダンススウェットパンツ HIPHOPダンス大きサイズ トレーニングジャージ カジュアルアメカジサロン系お兄系：トップズショップ,2017夏作・ユニーク配色サルエルパンツ メンズ　ハロンパンツメンズ スウェットパンツ メンズ ワイドパンツ メンズ スポーツパンツスウエットパンツ ダンススウェットパンツ HIPHOPダンス大きサイズ トレーニングジャージ カジュアルアメカジサロン系お兄系,サルエルパンツ メンズハロンパンツメンズ ワイドパンツ メンズ。2017夏作・ユニーク配色サルエルパンツ メンズ　ハロンパンツメンズ スウェットパンツ メンズ ワイドパンツ メンズ スポーツパンツスウエットパンツ ダンススウェットパンツ HIPHOPダンス大きサイズ トレーニングジャージ カジュアルアメカジサロン系お兄系[rn]
13-87925,http://tshop.r10s.jp/topsshop/cabinet/04695008/04706176/imgrc0067286018.jpg?fitin=700:700,3360.0000,,メンズファッション > ズボン・パンツ,サルエルパンツ【綿麻】パンツ/メンズパンツ/アラジンパンツ/イージーパンツ/メンズ/麻/リネン/カジュアル/おしゃれ/オシャレ/サルエル/リラックス/きれいめ/大きいサイズ/メンズボトムス/ロングパンツ/アメカジサロン系/0601楽天カード分割/05P06Aug16,サルエルパンツ メンズ リネンサルエル パンツ 大きいサイズ,"春夏シーズンにうれしい　涼しくはけるイージーパンツ新登場。
通気性に優れた清涼感を感じさせるリネン素材です。<br><br>
ナチュラルな風合いのあるシワ感がリネン本来の素材魅力を引き出してくれます。<br><br>
ゆとりのあるシルエットで、快適な肌触りが嬉しいです。
<br><br>
シンプルだからこそトップスやシューズと合わせやすく、 イージーに履きこなせるアイテム。<br>
【素材】綿麻<br><br>
【サイズ】<br><br>
M：ウェスト68cm、総丈95cm、ヒップ120cm、モモワタリ72cm<br><br>
L：ウェスト70cm、総丈96cm、ヒップ124cm、モモワタリ74cm<br><br>
XL：ウェスト74cm、総丈98cm、ヒップ128cm、モモワタリ76cm<br><br>
2XL：ウェスト78cm、総丈100cm、ヒップ132cm、モモワタリ78cm<br><br>
3XL：ウェスト82cm、総丈102cm、ヒップ136cm、モモワタリ80cm<br><br>
4XL：ウェスト86cm、総丈104cm、ヒップ140cm、モモワタリ82cm<br><br>
5XL：ウェスト90cm、総丈105cm、ヒップ145cm、モモワタリ83cm<br><br>
<br>人の手で測っていますので、多少の誤差はご容赦下さい。<br>

※洗濯タグや素材表記等異なるものや、カットされてある場合がございます。微細なほつれ・傷・シミ・縫製の処理状態などをお気になされる方や、完璧な状態をお求めの方は、店頭での購入をおすすめ致します。<img src=""""><br>",サルエルパンツ【綿麻】パンツ/メンズパンツ/アラジンパンツ/イージーパンツ/メンズ/麻/リネン/カジュアル/おしゃれ/オシャレ/サルエル/リラックス/きれいめ/大きいサイズ/メンズボトムス/ロングパンツ/アメカジサロン系/0601楽天カード分割/05P06Aug16：トップズショップ,サルエルパンツ【綿麻】パンツ/メンズパンツ/アラジンパンツ/イージーパンツ/メンズ/麻/リネン/カジュアル/おしゃれ/オシャレ/サルエル/リラックス/きれいめ/大きいサイズ/メンズボトムス/ロングパンツ/アメカジサロン系/0601楽天カード分割/05P06Aug16,サルエルパンツ メンズ リネンサルエル パンツ 大きいサイズ。サルエルパンツ【綿麻】パンツ/メンズパンツ/アラジンパンツ/イージーパンツ/メンズ/麻/リネン/カジュアル/おしゃれ/オシャレ/サルエル/リラックス/きれいめ/大きいサイズ/メンズボトムス/ロングパンツ/アメカジサロン系/0601楽天カード分割/05P06Aug16[rn]
13-87926,http://tshop.r10s.jp/topsshop/cabinet/04779245/imgrc0065279840.jpg?fitin=700:700,3360.0000,,メンズファッション > ズボン・パンツ,10倍ポイント 迷彩ゆとり スウェットパンツ メンズ カモフラ 男性スポーツパンツ【スウエットパンツ ダンス用スウェットパンツ HIPHOPダンス大きサイズジョガーパンツ綿パン トレーニングジャージ カジュアル　アメカジカムフラージュ05P13Dec15,スウェットパンツ メンズ カモフラ迷彩男性スポーツパンツ,"<br>時代を問わず愛され続けている迷彩パンツ<br>
<br>薄手で動きやすく気取らずに履けるおすすめのパンツです。<br>
<br>サイズは4サイズございますのでお好きなスタイルに合わせてサイズをお選びください。<br>
<br>サイズ（cm）:<br>
<br>M:着丈100ウエスト:70-73<br>
<br>L:着丈102ウエスト:76-79<br>
<br>XL:着丈104ウエスト:82-85<br>
<br>XXL:着丈106ウエスト:88-91<br>
</center>
<IMG src=""http://image.rakuten.co.jp/topsshop/cabinet/imgrc0065117631.jpg"">  </center>
<IMG src=""http://image.rakuten.co.jp/topsshop/cabinet/imgrc0065117630.jpg"">  </center>
<IMG src=""http://image.rakuten.co.jp/topsshop/cabinet/imgrc0065117632.jpg"">  
<IMG src=""http://image.rakuten.co.jp/topsshop/cabinet/imgrc0065314579.jpg"">  
<IMG src=""http://image.rakuten.co.jp/topsshop/cabinet/imgrc0065314580.jpg"">  
<IMG src=""http://image.rakuten.co.jp/topsshop/cabinet/imgrc0065314581.jpg"">  
<IMG src=""http://image.rakuten.co.jp/topsshop/cabinet/imgrc0065314582.jpg"">  
<IMG src=""http://image.rakuten.co.jp/topsshop/cabinet/imgrc0065314583.jpg"">  
<IMG src=""http://image.rakuten.co.jp/topsshop/cabinet/imgrc0065314584.jpg"">  
<IMG src=""http://image.rakuten.co.jp/topsshop/cabinet/imgrc0065314585.jpg""> 
<IMG src=""http://image.rakuten.co.jp/topsshop/cabinet/imgrc0065314586.jpg"">  
<IMG src=""http://image.rakuten.co.jp/topsshop/cabinet/imgrc0065314587.jpg""> 
<IMG src=""http://image.rakuten.co.jp/topsshop/cabinet/imgrc0065314588.jpg""><img src=""""><br>",10倍ポイント 迷彩ゆとり スウェットパンツ メンズ カモフラ 男性スポーツパンツ【スウエットパンツ ダンス用スウェットパンツ HIPHOPダンス大きサイズジョガーパンツ綿パン トレーニングジャージ カジュアル　アメカジカムフラージュ05P13Dec15：トップズショップ,10倍ポイント 迷彩ゆとり スウェットパンツ メンズ カモフラ 男性スポーツパンツ【スウエットパンツ ダンス用スウェットパンツ HIPHOPダンス大きサイズジョガーパンツ綿パン トレーニングジャージ カジュアル　アメカジカムフラージュ05P13Dec15,スウェットパンツ メンズ カモフラ迷彩男性スポーツパンツ。10倍ポイント 迷彩ゆとり スウェットパンツ メンズ カモフラ 男性スポーツパンツ【スウエットパンツ ダンス用スウェットパンツ HIPHOPダンス大きサイズジョガーパンツ綿パン トレーニングジャージ カジュアル　アメカジカムフラージュ05P13Dec15[rn]
13-87927,http://tshop.r10s.jp/topsshop/cabinet/04779245/imgrc0065283329.jpg?fitin=700:700,2800.0000,,メンズファッション > ズボン・パンツ,5倍ポイント 星空ゆとり スウェットパンツ メンズ カモフラ 男性スポーツパンツ【スウエットパンツ ダンス用スウェットパンツ HIPHOPダンス大きサイズジョガーパンツ綿パン トレーニングジャージ カジュアル　アメカジカムフラージュ05P13Dec15,スウェットパンツ メンズ カモフラ星空男性スポーツパンツ,"<br>時代を問わず愛され続けているジョガーパンツ<br>
<br>薄手で動きやすく気取らずに履けるおすすめのパンツです。<br>
<br>サイズは4サイズございますのでお好きなスタイルに合わせてサイズをお選びください。<br>
<br>サイズ（cm）:<br>
<br>M:着丈95ウエスト:64(ゴム)ヒップ94<br>
<br>L:着丈98ウエスト:66(ゴム)ヒップ104<br>
<br>XL:着丈100ウエスト:70(ゴム)ヒップ108<br>
<br>XXL:着丈102ウエスト:74(ゴム)ヒップ110<br>

<br>人の手で測っていますので、多少の誤差はご容赦下さい。<br>
</center>
<IMG src=""http://image.rakuten.co.jp/topsshop/cabinet/imgrc0065117631.jpg"">  </center>
<IMG src=""http://image.rakuten.co.jp/topsshop/cabinet/imgrc0065117630.jpg"">  </center>
<IMG src=""http://image.rakuten.co.jp/topsshop/cabinet/imgrc0065117632.jpg"">  
<IMG src=""http://image.rakuten.co.jp/topsshop/cabinet/imgrc0065314579.jpg"">  
<IMG src=""http://image.rakuten.co.jp/topsshop/cabinet/imgrc0065314580.jpg"">  
<IMG src=""http://image.rakuten.co.jp/topsshop/cabinet/imgrc0065314581.jpg"">  
<IMG src=""http://image.rakuten.co.jp/topsshop/cabinet/imgrc0065314582.jpg"">  
<IMG src=""http://image.rakuten.co.jp/topsshop/cabinet/imgrc0065314583.jpg"">  
<IMG src=""http://image.rakuten.co.jp/topsshop/cabinet/imgrc0065314584.jpg"">  
<IMG src=""http://image.rakuten.co.jp/topsshop/cabinet/imgrc0065314585.jpg""> 
<IMG src=""http://image.rakuten.co.jp/topsshop/cabinet/imgrc0065314586.jpg"">  
<IMG src=""http://image.rakuten.co.jp/topsshop/cabinet/imgrc0065314587.jpg""> 
<IMG src=""http://image.rakuten.co.jp/topsshop/cabinet/imgrc0065314588.jpg""><img src=""""><br>",5倍ポイント 星空ゆとり スウェットパンツ メンズ カモフラ 男性スポーツパンツ【スウエットパンツ ダンス用スウェットパンツ HIPHOPダンス大きサイズジョガーパンツ綿パン トレーニングジャージ カジュアル　アメカジカムフラージュ05P13Dec15：トップズショップ,5倍ポイント 星空ゆとり スウェットパンツ メンズ カモフラ 男性スポーツパンツ【スウエットパンツ ダンス用スウェットパンツ HIPHOPダンス大きサイズジョガーパンツ綿パン トレーニングジャージ カジュアル　アメカジカムフラージュ05P13Dec15,スウェットパンツ メンズ カモフラ星空男性スポーツパンツ。5倍ポイント 星空ゆとり スウェットパンツ メンズ カモフラ 男性スポーツパンツ【スウエットパンツ ダンス用スウェットパンツ HIPHOPダンス大きサイズジョガーパンツ綿パン トレーニングジャージ カジュアル　アメカジカムフラージュ05P13Dec15[rn]
13-87928,http://tshop.r10s.jp/topsshop/cabinet/04695008/04706176/imgrc0067262670.jpg?fitin=700:700,3024.0000,,メンズファッション > ズボン・パンツ,サルエルパンツ メンズ　ハロンパンツメンズ バイカラースウェットパンツ メンズ ワイドパンツ メンズ 男性スポーツパンツ【スウエットパンツ ダンス用スウェットパンツ HIPHOPダンス大きサイズジョガーパンツ綿パン トレーニングジャージ カジュアル　アメカジサロン系,サルエルパンツ メンズハロンパンツメンズ ワイドパンツ メンズ,"<br>薄手で動きやすく気取らずに履けるおすすめのパンツです。<br>
ユニセックスで使えるデザインで、ロックやモードファッションに最適な個性的アイテムです。<br>
<br>サイズ（cm）:<br>
【サイズ】
ウェスト６２ｃｍ～９８ｃｍ、総丈９７ｃｍ、股上６４ｃｍ、裾口３４ｃｍ～４２ｃｍ

<br>人の手で測っていますので、多少の誤差はご容赦下さい。<br><img src=""""><br>",サルエルパンツ メンズ　ハロンパンツメンズ バイカラースウェットパンツ メンズ ワイドパンツ メンズ 男性スポーツパンツ【スウエットパンツ ダンス用スウェットパンツ HIPHOPダンス大きサイズジョガーパンツ綿パン トレーニングジャージ カジュアル　アメカジサロン系：トップズショップ,サルエルパンツ メンズ　ハロンパンツメンズ バイカラースウェットパンツ メンズ ワイドパンツ メンズ 男性スポーツパンツ【スウエットパンツ ダンス用スウェットパンツ HIPHOPダンス大きサイズジョガーパンツ綿パン トレーニングジャージ カジュアル　アメカジサロン系,サルエルパンツ メンズハロンパンツメンズ ワイドパンツ メンズ。サルエルパンツ メンズ　ハロンパンツメンズ バイカラースウェットパンツ メンズ ワイドパンツ メンズ 男性スポーツパンツ【スウエットパンツ ダンス用スウェットパンツ HIPHOPダンス大きサイズジョガーパンツ綿パン トレーニングジャージ カジュアル　アメカジサロン系[rn]
13-87929,http://tshop.r10s.jp/topsshop/cabinet/04695008/04706176/imgrc0069408837.jpg?fitin=700:700,2944.0000,,メンズファッション > ズボン・パンツ,サルエルパンツ【綿麻】パンツ/メンズパンツ/アラジンパンツ/イージーパンツ/メンズ/カジュアル/おしゃれ/オシャレ/綿麻サルエル/リラックス/きれいめ/大きいサイズ/メンズボトムス/ロングパンツ/アメカジバルーン/サムエルサロン系,綿麻サルエルパンツ メンズ サルエル パンツ 大きいサイズ,"春夏シーズンにうれしい　涼しくはけるイージーパンツ新登場。
通気性に優れた清涼感を感じさせるコットン混紡素材です。<br><br>
ゆとりのあるシルエットで、快適な肌触りが嬉しいです。
<br><br>
シンプルだからこそトップスやシューズと合わせやすく、 イージーに履きこなせるアイテム。<br>
【素材】綿麻<br><br>
【サイズ】CM<br><br>
M ウェスト69~74、総丈89、対応体重50~57KG<br><br>
L ウェスト76~79、総丈90、対応体重60~65KG<br><br>
XL ウェスト79~86、総丈91、対応体重70~75KG<br><br>
2XL ウェスト86~93、総丈92、対応体重80~85KG <br><br>
3XL ウェスト96~103、総丈93、対応体重90~95KG<br><br>
4XL ウェスト103~108、総丈94、対応体重100-105KG<br><br>
5XL ウェスト106~116、総丈95、対応体重110-115KG<br><br>
<br>人の手で測っていますので、多少の誤差はご容赦下さい。<br><img src=""""><br>",サルエルパンツ【綿麻】パンツ/メンズパンツ/アラジンパンツ/イージーパンツ/メンズ/カジュアル/おしゃれ/オシャレ/綿麻サルエル/リラックス/きれいめ/大きいサイズ/メンズボトムス/ロングパンツ/アメカジバルーン/サムエルサロン系：トップズショップ,サルエルパンツ【綿麻】パンツ/メンズパンツ/アラジンパンツ/イージーパンツ/メンズ/カジュアル/おしゃれ/オシャレ/綿麻サルエル/リラックス/きれいめ/大きいサイズ/メンズボトムス/ロングパンツ/アメカジバルーン/サムエルサロン系,綿麻サルエルパンツ メンズ サルエル パンツ 大きいサイズ。サルエルパンツ【綿麻】パンツ/メンズパンツ/アラジンパンツ/イージーパンツ/メンズ/カジュアル/おしゃれ/オシャレ/綿麻サルエル/リラックス/きれいめ/大きいサイズ/メンズボトムス/ロングパンツ/アメカジバルーン/サムエルサロン系[rn]
13-87930,http://tshop.r10s.jp/topsshop/cabinet/04695008/04706176/imgrc0067537724.jpg?fitin=700:700,3184.0000,,メンズファッション > ズボン・パンツ,サルエルパンツ【綿麻】パンツ/メンズパンツ/アラジンパンツ/イージーパンツ/メンズ/麻/リネン/カジュアル/おしゃれ/オシャレ/サルエル/リラックス/きれいめ/大きいサイズ/メンズボトムス/ロングパンツ/アメカジバルーン/サムエルサロン系/0601楽天カード分割/532P16Jul16,サルエルパンツ メンズ リネンサルエル パンツ 大きいサイズ,"春夏シーズンにうれしい　涼しくはけるイージーパンツ新登場。
通気性に優れた清涼感を感じさせる綿麻素材です。<br><br>
ナチュラルな風合いのあるシワ感がリネン本来の素材魅力を引き出してくれます。<br><br>
ゆとりのあるシルエットで、快適な肌触りが嬉しいです。
<br><br>
シンプルだからこそトップスやシューズと合わせやすく、 イージーに履きこなせるアイテム。<br>
【素材】綿麻<br><br>
【サイズ】CM<br><br>
M ヒップ105、総丈80、対応体重50~60KG<BR><BR>
L ヒップ110、総丈80、対応体重60~67.5KG<BR><BR>
XL ヒップ115、総丈81、対応体重67.5~75KG<BR><BR>
2XL ヒップ120、総丈82、対応体重75~82.5KG <BR><BR>
3XL ヒップ125、総丈83、対応体重82.5~92.5KG<BR><BR>
4XL ヒップ130、総丈84、対応体重92.5-102.5KG<BR><BR>
5XL ヒップ135、総丈85、対応体重102.5-115KG<BR><BR>
<br>人の手で測っていますので、多少の誤差はご容赦下さい。<br><img src=""""><br>",サルエルパンツ【綿麻】パンツ/メンズパンツ/アラジンパンツ/イージーパンツ/メンズ/麻/リネン/カジュアル/おしゃれ/オシャレ/サルエル/リラックス/きれいめ/大きいサイズ/メンズボトムス/ロングパンツ/アメカジバルーン/サムエルサロン系/0601楽天カード分割/532P16Jul16：トップズショップ,サルエルパンツ【綿麻】パンツ/メンズパンツ/アラジンパンツ/イージーパンツ/メンズ/麻/リネン/カジュアル/おしゃれ/オシャレ/サルエル/リラックス/きれいめ/大きいサイズ/メンズボトムス/ロングパンツ/アメカジバルーン/サムエルサロン系/0601楽天カード分割/532P16Jul16,サルエルパンツ メンズ リネンサルエル パンツ 大きいサイズ。サルエルパンツ【綿麻】パンツ/メンズパンツ/アラジンパンツ/イージーパンツ/メンズ/麻/リネン/カジュアル/おしゃれ/オシャレ/サルエル/リラックス/きれいめ/大きいサイズ/メンズボトムス/ロングパンツ/アメカジバルーン/サムエルサロン系/0601楽天カード分割/532P16Jul16[rn]
13-87931,http://tshop.r10s.jp/topsshop/cabinet/04695008/04706176/imgrc0067263213.jpg?fitin=700:700,3024.0000,,メンズファッション > ズボン・パンツ,チェック柄切り替えサルエルパンツ メンズ　ハロンパンツメンズ バイカラースウェットパンツ メンズ ワイドパンツ メンズ ジョガーパンツスウエットパンツ ダンススウェットパンツ HIPHOPダンス大きサイズ トレーニングジャージ カジュアルアメカジサロン系,サルエルパンツ メンズハロンパンツメンズ ワイドパンツ メンズ,"<br>薄手で動きやすく気取らずに履けるおすすめのパンツです。<br>
ユニセックスで使えるデザインで、ロックやモードファッションに最適な個性的アイテムです。<br>

【サイズ】<br><br>
ウェスト６６～１１０ｃｍ、総丈９５ｃｍ、ヒップ１２０ｃｍ、股上５９ｃｍ<br><br>
【素材】５０％綿、５０％ポリエステル<br><br>

<br>人の手で測っていますので、多少の誤差はご容赦下さい。<br><img src=""""><br>",チェック柄切り替えサルエルパンツ メンズ　ハロンパンツメンズ バイカラースウェットパンツ メンズ ワイドパンツ メンズ ジョガーパンツスウエットパンツ ダンススウェットパンツ HIPHOPダンス大きサイズ トレーニングジャージ カジュアルアメカジサロン系：トップズショップ,チェック柄切り替えサルエルパンツ メンズ　ハロンパンツメンズ バイカラースウェットパンツ メンズ ワイドパンツ メンズ ジョガーパンツスウエットパンツ ダンススウェットパンツ HIPHOPダンス大きサイズ トレーニングジャージ カジュアルアメカジサロン系,サルエルパンツ メンズハロンパンツメンズ ワイドパンツ メンズ。チェック柄切り替えサルエルパンツ メンズ　ハロンパンツメンズ バイカラースウェットパンツ メンズ ワイドパンツ メンズ ジョガーパンツスウエットパンツ ダンススウェットパンツ HIPHOPダンス大きサイズ トレーニングジャージ カジュアルアメカジサロン系[rn]
13-87932,http://tshop.r10s.jp/topsshop/cabinet/04695008/04706176/imgrc0067537980.jpg?fitin=700:700,2384.0000,,メンズファッション > ズボン・パンツ,サルエルパンツ リネン綿麻サルエル パンツ リラックス リネン 麻 イージーパンツ メンズ  リネンきれいめ 大きいサイズ　アラジンパンツメンズ ボトムス パンツ ロングパンツ カジュアル　アメカジサロン系 0601楽天カード分割,サルエルパンツ メンズ リネンサルエル パンツ 大きいサイズ,"春夏シーズンにうれしい　涼しくはけるイージーパンツ新登場。
通気性に優れた清涼感を感じさせるリネン素材です。<br><br>
ナチュラルな風合いのあるシワ感がリネン本来の素材魅力を引き出してくれます。<br><br>
ゆとりのあるシルエットで、快適な肌触りが嬉しいです。
<br><br>
シンプルだからこそトップスやシューズと合わせやすく、 イージーに履きこなせるアイテム。<br>
【素材】綿麻<br><br>
【サイズ】<br><br>
M:ウェスト66~76、総丈87、ヒップ120、太モモ68、裾口36<BR><BR>
L:ウェスト70~80、総丈90、ヒップ124、太モモ76、裾口38<BR><BR>
XL:ウェスト74~84、総丈92、ヒップ128、太モモ78、裾口40<BR><BR>
2XL:ウェスト78~88、総丈94、ヒップ130、太モモ80、裾口42<BR><BR>
3XL:ウェスト82~96、総丈97、ヒップ132、太モモ82、裾口44<BR><BR>
4XL:ウェスト87~102、総丈99、ヒップ134、太モモ84、裾口46<BR><BR>
<br>人の手で測っていますので、多少の誤差はご容赦下さい。<br><img src=""""><br>",サルエルパンツ リネン綿麻サルエル パンツ リラックス リネン 麻 イージーパンツ メンズ  リネンきれいめ 大きいサイズ　アラジンパンツメンズ ボトムス パンツ ロングパンツ カジュアル　アメカジサロン系 0601楽天カード分割：トップズショップ,サルエルパンツ リネン綿麻サルエル パンツ リラックス リネン 麻 イージーパンツ メンズ  リネンきれいめ 大きいサイズ　アラジンパンツメンズ ボトムス パンツ ロングパンツ カジュアル　アメカジサロン系 0601楽天カード分割,サルエルパンツ メンズ リネンサルエル パンツ 大きいサイズ。サルエルパンツ リネン綿麻サルエル パンツ リラックス リネン 麻 イージーパンツ メンズ  リネンきれいめ 大きいサイズ　アラジンパンツメンズ ボトムス パンツ ロングパンツ カジュアル　アメカジサロン系 0601楽天カード分割[rn]
13-87933,http://tshop.r10s.jp/selectplus/cabinet/myd/myd2/c903350_item.jpg?fitin=700:700,6080.0000,,メンズファッション > ズボン・パンツ,URBAN EXPRESS 綿100％しじら織り作務衣2着組　C903350【送料無料】(メンズファッション、作務衣、ホームウェア、部屋着),麻混素材の快適七分丈ホームウェア2着組♪,"<!--メンズファッション,作務衣,ホームウェア,ルームウェア,部屋着-->

<table width=""550"" border=""0"" cellpadding=""5"" cellspacing=""1"" bgcolor=""#999999"">
<tr>
<td width=""150"" align=""center"" bgcolor=""#FFCCFF""><strong>サイズ（上着）</strong></td>
<td width=""200"" align=""center"" bgcolor=""#FFCCFF""><strong>適応胸囲（仕上げ）</strong></td>
<td width=""100"" align=""center"" bgcolor=""#FFCCFF""><strong>着丈</strong></td>
<td width=""100"" align=""center"" bgcolor=""#FFCCFF""><strong>袖丈</strong></td>
<td width=""100"" align=""center"" bgcolor=""#FFCCFF""><strong>肩幅</strong></td>
</tr>
<tr>
<td align=""center"" bgcolor=""#FFFFCC""><strong>S</strong></td>
<td align=""center"" bgcolor=""#FFFFFF"">80～88（112）</td>
<td align=""center"" bgcolor=""#FFFFFF"">71</td>
<td align=""center"" bgcolor=""#FFFFFF"">36</td>
<td align=""center"" bgcolor=""#FFFFFF"">56</td>
</tr>
<tr>
<td align=""center"" bgcolor=""#FFFFCC""><strong>M</strong></td>
<td align=""center"" bgcolor=""#FFFFFF"">88～96（116）</td>
<td align=""center"" bgcolor=""#FFFFFF"">74</td>
<td align=""center"" bgcolor=""#FFFFFF"">37</td>
<td align=""center"" bgcolor=""#FFFFFF"">58</td>
</tr>
<tr>
<td align=""center"" bgcolor=""#FFFFCC""><strong>L</strong></td>
<td align=""center"" bgcolor=""#FFFFFF"">96～104（120）</td>
<td align=""center"" bgcolor=""#FFFFFF"">77</td>
<td align=""center"" bgcolor=""#FFFFFF"">38</td>
<td align=""center"" bgcolor=""#FFFFFF"">60</td>
</tr>
<tr>
<td align=""center"" bgcolor=""#FFFFCC""><strong>LL</strong></td>
<td align=""center"" bgcolor=""#FFFFFF"">104～112（124）</td>
<td align=""center"" bgcolor=""#FFFFFF"">80</td>
<td align=""center"" bgcolor=""#FFFFFF"">39</td>
<td align=""center"" bgcolor=""#FFFFFF"">62</td>
</tr>
</table>
<br>
<table width=""550"" border=""0"" cellpadding=""5"" cellspacing=""1"" bgcolor=""#999999"">
<tr>
<td width=""150"" align=""center"" bgcolor=""#FFCCFF""><strong>サイズ（パンツ）</strong></td>
<td width=""200"" align=""center"" bgcolor=""#FFCCFF""><strong>適応ウエスト（仕上げ）</strong></td>
<td width=""150"" align=""center"" bgcolor=""#FFCCFF""><strong>総丈</strong></td>
<td width=""150"" align=""center"" bgcolor=""#FFCCFF""><strong>股下</strong></td>
</tr>
<tr>
<td align=""center"" bgcolor=""#FFFFCC""><strong>S</strong></td>
<td align=""center"" bgcolor=""#FFFFFF"">68～76（64）</td>
<td align=""center"" bgcolor=""#FFFFFF"">95</td>
<td align=""center"" bgcolor=""#FFFFFF"">65</td>
</tr>
<tr>
<td align=""center"" bgcolor=""#FFFFCC""><strong>M</strong></td>
<td align=""center"" bgcolor=""#FFFFFF"">76～84（68）</td>
<td align=""center"" bgcolor=""#FFFFFF"">97</td>
<td align=""center"" bgcolor=""#FFFFFF"">66</td>
</tr>
<tr>
<td align=""center"" bgcolor=""#FFFFCC""><strong>L</strong></td>
<td align=""center"" bgcolor=""#FFFFFF"">84～94（72）</td>
<td align=""center"" bgcolor=""#FFFFFF"">99</td>
<td align=""center"" bgcolor=""#FFFFFF"">67</td>
</tr>
<tr>
<td align=""center"" bgcolor=""#FFFFCC""><strong>LL</strong></td>
<td align=""center"" bgcolor=""#FFFFFF"">94～104（76）</td>
<td align=""center"" bgcolor=""#FFFFFF"">101</td>
<td align=""center"" bgcolor=""#FFFFFF"">68</td>
</tr>
</table>
<br>
<table width=""550"" border=""0"" cellpadding=""5"" cellspacing=""1"" bgcolor=""#999999"">
<tr>
<td colspan=""2"" align=""center"" bgcolor=""#FFFF99""><strong>素材・カラー</strong></td>
</tr>
<tr>
<td width=""100"" bgcolor=""#FFFFFF"">素材</td>
<td bgcolor=""#FFFFFF"">綿100％</td>
</tr>
<tr>
<td bgcolor=""#FFFFFF"">カラー</td>
<td bgcolor=""#FFFFFF"">グリーン系、ブルー系 の同サイズ2色組</td>
</tr>
<tr>
<td bgcolor=""#FFFFFF"">重量（約）</td>
<td bgcolor=""#FFFFFF"">690g（Lサイズ）</td>
</tr>
<tr>
<td bgcolor=""#FFFFFF"">個装サイズ（約）</td>
<td bgcolor=""#FFFFFF"">35×25×6cm</td>
</tr>
<tr>
<td bgcolor=""#FFFFFF"">その他</td>
<td bgcolor=""#FFFFFF"">上着：左ポケット×1、両脇スリット（約10.5cm）<br>
パンツ：脇ポケット×2、ウエスト総ゴム（ひも付き）、前開き（ボタン仕様）</td>
</tr>
</table>
<br><br>
この商品はおお届けまで約1週間程度かかる場合がございます。<br>
北海道、沖縄・離島は別途送料が必要となります。
<br><br>
<Font Color=""ff0000"">
《この商品のお支払いは代引きご利用いただけません》</Font><br>在庫更新のタイミングにより、在庫切れの場合はキャンセルさせていただく可能性があります。<br><br>
こちらの商品はメーカー直送品のため、プレゼント用ラッピングの出来ない商品となっております。<br><hr width=""600"" color=""#CC3366"" align=""left"">",URBAN EXPRESS 綿100％しじら織り作務衣2着組　C903350【送料無料】(メンズファッション、作務衣、ホームウェア、部屋着)：セレクトプラス,ぬいぐるみセレクトプラスガーデニングバッグ布団ファッション美容健康ダイエットキャラクターグッズ寝具自転車補正下着時計インテリアキッチン用品マッサージかばん雑貨スリムURBAN EXPRESS 綿100％しじら織り作務衣2着組　C903350【送料無料】(メンズファッション、作務衣、ホームウェア、部屋着),麻混素材の快適七分丈ホームウェア2着組♪。URBAN EXPRESS 綿100％しじら織り作務衣2着組　C903350【送料無料】(メンズファッション、作務衣、ホームウェア、部屋着)[rn]
13-87934,http://tshop.r10s.jp/ca-ba/cabinet/others1/sdg-1004_1.jpg?fitin=700:700,2240.0000,,メンズファッション > ズボン・パンツ,ホットパンツ,メール便可(ゆうパケット対応OK) コンビニ後払い(NP後払い)対応,"<h2 class=midashi>デニム ホットパンツ (ショートパンツ メンズ)の説明</h2>
<p>
メンズのデニムショートパンツです。<BR>
サイドがレースアップになったセクシーな1枚。<BR>
ボディは軽いウォッシュがかかったデニム生地になり<BR>
前後のポケット付近にはクラッシュ加工が施され<BR>
裾は切りっぱなし風になったデザインです。<BR>
※画像のショートパンツ以外は含まれませんので、予めご了承下さい。<BR>
※生地は横にわずかに伸縮します。<BR>
<BR>
■仕様<BR>
・フロントはボタンとジップ付き<BR>
・ポケットは前後に各2つ<BR>
・ベルトループ付き<BR>
<BR>
■寸法(平置きで計測)<BR>
<BR>
・ウエスト(片面の値×2)<BR>
Sサイズ： 約67cm<BR>
Mサイズ： 約73cm<BR>
Lサイズ： 約78cm<BR>
<BR>
丈(中心部)：<BR>
Sサイズ： 約19cm<BR>
Mサイズ： 約19cm<BR>
Lサイズ： 約19cm<BR>
<BR>
足ぐり(片面の値×2)<BR>
Sサイズ： 約47cm<BR>
Mサイズ： 約51cm<BR>
Lサイズ： 約53cm<BR>
<BR>
※インポート物につき稀に移染や裁縫に甘さがございます。<BR>
また、製造時期によりサイズ感、デザイン等(色の濃淡も含む)に多少の違いが<BR>
ある場合がございます。あらかじめご了承下さい。<BR>
<BR>
※こちらの商品は女性も着用出来ます。<BR>
</p>
<br>
<h2 class=midashi>デニム ホットパンツ (ショートパンツ メンズ)の詳細</h2>
<ul>
<li class=desc>品番：　SDG-1004</li>
<li class=desc>色：　As Shown</li>
<li class=desc>サイズ：　S/M/L</li>
<li class=desc>素材：　コットン65%、ポリエステル35%</li>
<li class=desc>生地の厚さ：　薄め</li>
<li class=desc>カテゴリ：　ホットパンツ ショートパンツ メンズ</li>
<li class=desc>用途1：　コスプレ プレゼント 趣味</li>
<li class=desc>用途2：　メール便可(ゆうパケット対応OK) コンビニ後払い(NP後払い)対応</li>
</ul>
<br>
<!-- ここから発送情報　--><TABLE border=""2"" BORDERCOLOR=""#ff3366""><TR><TD><FONT size=""-1"">【発送情報】<BR><BR>■送料　ゆうパケット：250円、宅配便：540円<BR>■ゆうパケットに関する注意事項</FONT></TD></TR></TABLE><BR><BR><div><img src=""http://image.rakuten.co.jp/ca-ba/cabinet/use_u_packet.gif""></div><!-- ここまで発送情報　-->",ホットパンツ：キャバ,ホットパンツ,メール便可(ゆうパケット対応OK) コンビニ後払い(NP後払い)対応。ホットパンツ[rn]
13-87935,http://tshop.r10s.jp/ca-ba/cabinet/others1/sdg-1040_1.jpg?fitin=700:700,2240.0000,,メンズファッション > ズボン・パンツ,ホットパンツ,メール便可(ゆうパケット対応OK) コンビニ後払い(NP後払い)対応,"<h2 class=midashi>フェイクレザー ホットパンツ (ショートパンツ メンズ)の説明</h2>
<p>
メンズのショートパンツです。<BR>
フロントがレースアップになったカッコいい1枚。<BR>
ボディはやや光沢のあるフェイクレザーになり<BR>
ワイルドに穿きこなせるデザインです。<BR>
※画像のショートパンツ以外は含まれませんので、予めご了承下さい。<BR>
※生地は伸縮しません。<BR>
<BR>
■仕様<BR>
・フロントはボタンとジップ付き<BR>
・ポケットは前後に各2つ<BR>
・ベルトループ付き<BR>
<BR>
■寸法(平置きで計測)<BR>
<BR>
・ウエスト(片面の値×2)<BR>
Sサイズ： 約73cm<BR>
Mサイズ： 約79cm<BR>
Lサイズ： 約82cm<BR>
<BR>
丈(中心部)：<BR>
Sサイズ： 約20cm<BR>
Mサイズ： 約20cm<BR>
Lサイズ： 約20cm<BR>
<BR>
足ぐり(片面の値×2)<BR>
Sサイズ： 約51cm<BR>
Mサイズ： 約52cm<BR>
Lサイズ： 約56cm<BR>
<BR>
※インポート物につき稀に移染や裁縫に甘さがございます。<BR>
また、製造時期によりサイズ感、デザイン等に多少の違いが<BR>
ある場合がございます。あらかじめご了承下さい。<BR>
<BR>
※こちらの商品は女性も着用出来ます。<BR>
</p>
<br>
<h2 class=midashi>フェイクレザー ホットパンツ (ショートパンツ メンズ)の詳細</h2>
<ul>
<li class=desc>品番：　SDG-1040</li>
<li class=desc>色：　As Shown</li>
<li class=desc>サイズ：　S/M/L</li>
<li class=desc>素材：　表記なし</li>
<li class=desc>生地の厚さ：　普通</li>
<li class=desc>カテゴリ：　ホットパンツ ショートパンツ メンズ</li>
<li class=desc>用途1：　コスプレ プレゼント 趣味</li>
<li class=desc>用途2：　メール便可(ゆうパケット対応OK) コンビニ後払い(NP後払い)対応</li>
</ul>
<br>
<!-- ここから発送情報　--><TABLE border=""2"" BORDERCOLOR=""#ff3366""><TR><TD><FONT size=""-1"">【発送情報】<BR><BR>■送料　ゆうパケット：250円、宅配便：540円<BR>■ゆうパケットに関する注意事項</FONT></TD></TR></TABLE><BR><BR><div><img src=""http://image.rakuten.co.jp/ca-ba/cabinet/use_u_packet.gif""></div><!-- ここまで発送情報　-->",ホットパンツ：キャバ,ホットパンツ,メール便可(ゆうパケット対応OK) コンビニ後払い(NP後払い)対応。ホットパンツ[rn]
13-87936,http://tshop.r10s.jp/ca-ba/cabinet/others1/sdg-1038_1.jpg?fitin=700:700,2240.0000,,メンズファッション > ズボン・パンツ,ホットパンツ,メール便可(ゆうパケット対応OK) コンビニ後払い(NP後払い)対応,"<h2 class=midashi>ホットパンツ (ショートパンツ メンズ)の説明</h2>
<p>
メンズのショートパンツです。<BR>
ボディは伸縮性のないゴワついた生地になります。<BR>
キラキラの箔によって演出されたヒョウ柄がかなり<BR>
目を惹くワイルドなデザインです。<BR>
<BR>
※画像のショートパンツ以外は含まれませんので、予めご了承下さい。<BR>
※生地は伸縮しません。<BR>
<BR>
■仕様<BR>
・フロントはボタンとジップ付き<BR>
・ポケットは前後に各2つ<BR>
・ベルトループ付き<BR>
<BR>
■寸法(平置きで計測)<BR>
<BR>
・ウエスト(片面の値×2)<BR>
Sサイズ： 約74cm<BR>
Mサイズ： 約81cm<BR>
Lサイズ： 約86cm<BR>
<BR>
丈(中心部)：<BR>
Sサイズ： 約20cm<BR>
Mサイズ： 約21cm<BR>
Lサイズ： 約21cm<BR>
<BR>
足ぐり(片面の値×2)<BR>
Sサイズ： 約50cm<BR>
Mサイズ： 約53cm<BR>
Lサイズ： 約58cm<BR>
<BR>
※インポート物につき稀に移染や裁縫に甘さがございます。<BR>
また、製造時期によりサイズ感、デザイン等に多少の違いが<BR>
ある場合がございます。あらかじめご了承下さい。<BR>
<BR>
※こちらの商品は女性も着用出来ます。<BR>
</p>
<br>
<h2 class=midashi>ホットパンツ (ショートパンツ メンズ)の詳細</h2>
<ul>
<li class=desc>品番：　SDG-1038</li>
<li class=desc>色：　GOLD/BLACK (ゴールド/黒)、SILVER/BLACK (シルバー/黒)</li>
<li class=desc>サイズ：　S/M/L</li>
<li class=desc>素材：　ポリエステル65%、コットン35%</li>
<li class=desc>生地の厚さ：　普通</li>
<li class=desc>カテゴリ：　ホットパンツ ショートパンツ メンズ</li>
<li class=desc>用途1：　コスプレ プレゼント 趣味</li>
<li class=desc>用途2：　メール便可(ゆうパケット対応OK) コンビニ後払い(NP後払い)対応</li>
</ul>
<br>
<!-- ここから発送情報　--><TABLE border=""2"" BORDERCOLOR=""#ff3366""><TR><TD><FONT size=""-1"">【発送情報】<BR><BR>■送料　ゆうパケット：250円、宅配便：540円<BR>■ゆうパケットに関する注意事項</FONT></TD></TR></TABLE><BR><BR><div><img src=""http://image.rakuten.co.jp/ca-ba/cabinet/use_u_packet.gif""></div><!-- ここまで発送情報　-->",ホットパンツ：キャバ,ホットパンツ,メール便可(ゆうパケット対応OK) コンビニ後払い(NP後払い)対応。ホットパンツ[rn]
13-87937,http://tshop.r10s.jp/ca-ba/cabinet/others1/sdg-1001_1.jpg?fitin=700:700,2240.0000,,メンズファッション > ズボン・パンツ,ホットパンツ,メール便可(ゆうパケット対応OK) コンビニ後払い(NP後払い)対応,"<h2 class=midashi>ホットパンツ (ショートパンツ メンズ)の説明</h2>
<p>
メンズのデニムショートパンツです。<BR>
ローライズのシルエットがセクシーな1枚。<BR>
ボディは軽いウォッシュがかかった星条旗柄のデニム生地を使用。<BR>
前後のポケット付近にはクラッシュ加工が施され<BR>
裾は切りっぱなし風になったデザインです。<BR>
※画像のショートパンツ以外は含まれませんので、予めご了承下さい。<BR>
※生地は伸縮しません。<BR>
<BR>
■仕様<BR>
・フロントはボタンとジップ付き<BR>
・ポケットは前後に各2つ<BR>
・ベルトループ付き<BR>
<BR>
■寸法(平置きで計測)<BR>
<BR>
・ウエスト(片面の値×2)<BR>
Sサイズ： 約73cm<BR>
Mサイズ： 約77cm<BR>
Lサイズ： 約83cm<BR>
<BR>
丈(中心部)：<BR>
Sサイズ： 約19cm<BR>
Mサイズ： 約19cm<BR>
Lサイズ： 約20cm<BR>
<BR>
足ぐり(片面の値×2)<BR>
Sサイズ： 約51cm<BR>
Mサイズ： 約52cm<BR>
Lサイズ： 約57cm<BR>
<BR>
※インポート物につき稀に移染や裁縫に甘さがございます。<BR>
また、製造時期によりサイズ感、デザイン等に多少の違いが<BR>
ある場合がございます。あらかじめご了承下さい。<BR>
<BR>
※こちらの商品は女性も着用可能です。<BR>
<BR>
</p>
<br>
<h2 class=midashi>ホットパンツ (ショートパンツ メンズ)の詳細</h2>
<ul>
<li class=desc>品番：　SDG-1001</li>
<li class=desc>色：　As Shown</li>
<li class=desc>サイズ：　S/M/L</li>
<li class=desc>素材：　コットン65%、ポリエステル35%</li>
<li class=desc>生地の厚さ：　薄め</li>
<li class=desc>カテゴリ：　ホットパンツ ショートパンツ メンズ</li>
<li class=desc>用途1：　コスプレ プレゼント 趣味</li>
<li class=desc>用途2：　メール便可(ゆうパケット対応OK) コンビニ後払い(NP後払い)対応</li>
</ul>
<br>
<!-- ここから発送情報　--><TABLE border=""2"" BORDERCOLOR=""#ff3366""><TR><TD><FONT size=""-1"">【発送情報】<BR><BR>■送料　ゆうパケット：250円、宅配便：540円<BR>■ゆうパケットに関する注意事項</FONT></TD></TR></TABLE><BR><BR><div><img src=""http://image.rakuten.co.jp/ca-ba/cabinet/use_u_packet.gif""></div><!-- ここまで発送情報　-->",ホットパンツ：キャバ,ホットパンツ,メール便可(ゆうパケット対応OK) コンビニ後払い(NP後払い)対応。ホットパンツ[rn]
13-87938,http://tshop.r10s.jp/ca-ba/cabinet/others1/sdg-1008_1.jpg?fitin=700:700,2240.0000,,メンズファッション > ズボン・パンツ,ホットパンツ,メール便可(ゆうパケット対応OK) コンビニ後払い(NP後払い)対応,"<h2 class=midashi>デニム ホットパンツ (ショートパンツ メンズ)の説明</h2>
<p>
メンズのデニムショートパンツです。<BR>
フロントはレースアップ式でスタッズが付いたハードな1枚。<BR>
ボディはウォッシュがかかったデニム生地になり<BR>
前後のポケット付近にはクラッシュ加工が施され<BR>
裾は切りっぱなし風になったデザインです。<BR>
さらに、サイドはジッパー式なので着こなしの幅が広がります。<BR>
※画像のショートパンツ以外は含まれませんので、予めご了承下さい。<BR>
※生地は横にわずかに伸縮します。<BR>
<BR>
■仕様<BR>
・フロントはボタンとジップなし、レースアップタイプ<BR>
・ポケットは前後に各2つ<BR>
<BR>
■寸法(平置きで計測)<BR>
<BR>
・ウエスト(片面の値×2)<BR>
Sサイズ： 約72cm<BR>
Mサイズ： 約79cm<BR>
Lサイズ： 約82.5cm<BR>
<BR>
丈(中心部)：<BR>
Sサイズ： 約20cm<BR>
Mサイズ： 約20cm<BR>
Lサイズ： 約21cm<BR>
<BR>
足ぐり(片面の値×2)<BR>
Sサイズ： 約54cm<BR>
Mサイズ： 約55cm<BR>
Lサイズ： 約57cm<BR>
<BR>
※インポート物につき稀に移染や裁縫に甘さがございます。<BR>
また、製造時期によりサイズ感、デザイン等に多少の違いが<BR>
ある場合がございます。あらかじめご了承下さい。<BR>
<BR>
※こちらの商品は女性も着用出来ます。<BR>
</p>
<br>
<h2 class=midashi>デニム ホットパンツ (ショートパンツ メンズ)の詳細</h2>
<ul>
<li class=desc>品番：　SDG-1008</li>
<li class=desc>色：　As Shown</li>
<li class=desc>サイズ：　S/M/L</li>
<li class=desc>素材：　コットン65%、ポリエステル35%</li>
<li class=desc>生地の厚さ：　薄め</li>
<li class=desc>カテゴリ：　ホットパンツ ショートパンツ メンズ</li>
<li class=desc>用途1：　コスプレ プレゼント 趣味</li>
<li class=desc>用途2：　メール便可(ゆうパケット対応OK) コンビニ後払い(NP後払い)対応</li>
</ul>
<br>
<!-- ここから発送情報　--><TABLE border=""2"" BORDERCOLOR=""#ff3366""><TR><TD><FONT size=""-1"">【発送情報】<BR><BR>■送料　ゆうパケット：250円、宅配便：540円<BR>■ゆうパケットに関する注意事項</FONT></TD></TR></TABLE><BR><BR><div><img src=""http://image.rakuten.co.jp/ca-ba/cabinet/use_u_packet.gif""></div><!-- ここまで発送情報　-->",ホットパンツ：キャバ,ホットパンツ,メール便可(ゆうパケット対応OK) コンビニ後払い(NP後払い)対応。ホットパンツ[rn]
13-87939,http://tshop.r10s.jp/ca-ba/cabinet/others1/sdg-1017_1.jpg?fitin=700:700,2240.0000,,メンズファッション > ズボン・パンツ,ホットパンツ,メール便可(ゆうパケット対応OK) コンビニ後払い(NP後払い)対応,"<h2 class=midashi>デニム ホットパンツ (ショートパンツ メンズ)の説明</h2>
<p>
メンズのデニムショートパンツです。<BR>
レース生地がレイヤーされたセクシーな1枚。<BR>
ボディは軽いウォッシュがかかったデニム生地を使用。<BR>
後のポケットの淵と裾は切りっぱなし風になったデザインです。<BR>
※画像のショートパンツ以外は含まれませんので、予めご了承下さい。<BR>
※生地は伸縮しません。<BR>
<BR>
■仕様<BR>
・フロントはボタンとジップ付き<BR>
・ポケットは後に各2つ<BR>
・ベルトループ付き<BR>
<BR>
■寸法(平置きで計測)<BR>
<BR>
・ウエスト(片面の値×2)<BR>
Sサイズ： 約73cm<BR>
Mサイズ： 約78cm<BR>
Lサイズ： 約81cm<BR>
<BR>
丈(中心部)：<BR>
Sサイズ： 約20cm<BR>
Mサイズ： 約21cm<BR>
Lサイズ： 約21cm<BR>
<BR>
足ぐり(片面の値×2)<BR>
Sサイズ： 約53cm<BR>
Mサイズ： 約56cm<BR>
Lサイズ： 約56cm<BR>
<BR>
※インポート物につき稀に移染や裁縫に甘さがございます。<BR>
また、製造時期によりサイズ感、デザイン等に多少の違いが<BR>
ある場合がございます。あらかじめご了承下さい。<BR>
<BR>
※こちらの商品は女性も着用出来ます。<BR>
</p>
<br>
<h2 class=midashi>デニム ホットパンツ (ショートパンツ メンズ)の詳細</h2>
<ul>
<li class=desc>品番：　SDG-1017</li>
<li class=desc>色：　As Shown</li>
<li class=desc>サイズ：　S/M/L</li>
<li class=desc>素材：　表記なし</li>
<li class=desc>生地の厚さ：　薄め</li>
<li class=desc>カテゴリ：　ホットパンツ ショートパンツ メンズ</li>
<li class=desc>用途1：　コスプレ プレゼント 趣味</li>
<li class=desc>用途2：　メール便可(ゆうパケット対応OK) コンビニ後払い(NP後払い)対応</li>
</ul>
<br>
<!-- ここから発送情報　--><TABLE border=""2"" BORDERCOLOR=""#ff3366""><TR><TD><FONT size=""-1"">【発送情報】<BR><BR>■送料　ゆうパケット：250円、宅配便：540円<BR>■ゆうパケットに関する注意事項</FONT></TD></TR></TABLE><BR><BR><div><img src=""http://image.rakuten.co.jp/ca-ba/cabinet/use_u_packet.gif""></div><!-- ここまで発送情報　-->",ホットパンツ：キャバ,ホットパンツ,メール便可(ゆうパケット対応OK) コンビニ後払い(NP後払い)対応。ホットパンツ[rn]
13-87940,http://tshop.r10s.jp/ca-ba/cabinet/others1/sdg-1011_1.jpg?fitin=700:700,1120.0000,,メンズファッション > ズボン・パンツ,ホットパンツ,メール便可(ゆうパケット対応OK) コンビニ後払い(NP後払い)対応,"<h2 class=midashi>デニム ホットパンツ (ショートパンツ メンズ)の説明</h2>
<p>
メンズのショートパンツです。<BR>
定番のローライズでヘビロテできる1枚。<BR>
ボディにはわずかに伸縮するカラーデニム生地を使用。<BR>
裾は切りっぱなし風になっています。<BR>
カラフルな生地に白地のスターが映えるファンタスティックなデザイン。<BR>
※画像のショートパンツ以外は含まれませんので、予めご了承下さい。<BR>
※生地は横にわずかに伸縮します。<BR>
<BR>
■仕様<BR>
・フロントはボタンとジップ付き<BR>
・ポケットは前後に2つ<BR>
・ベルトループ付き<BR>
<BR>
■寸法(平置きで計測)<BR>
<BR>
・ウエスト(片面の値×2)<BR>
Sサイズ： 約71cm<BR>
Mサイズ： 約78cm<BR>
Lサイズ： 約81cm<BR>
<BR>
丈(中心部)：<BR>
Sサイズ： 約19cm<BR>
Mサイズ： 約19cm<BR>
Lサイズ： 約19cm<BR>
<BR>
足ぐり(片面の値×2)<BR>
Sサイズ： 約49cm<BR>
Mサイズ： 約54cm<BR>
Lサイズ： 約55cm<BR>
<BR>
※インポート物につき稀に移染や裁縫に甘さがございます。<BR>
また、製造時期によりサイズ感、デザイン等に多少の違いが<BR>
ある場合がございます。あらかじめご了承下さい。<BR>
<BR>
※こちらの商品は女性も着用出来ます。<BR>
男性のマネキンの寸法は以下の通りです。<BR>
<BR>
・着丈(首元から股間部)：約67cm<BR>
・肩幅：約45cm<BR>
・胸囲：約97cm<BR>
・ウエスト(へそ下部を計測)：約77cm<BR>
※マネキンの着用サイズはLサイズになります。<BR>
<BR>
ご購入の参考にして頂ければと思います。よろしくお願いします。<BR>
</p>
<br>
<h2 class=midashi>デニム ホットパンツ (ショートパンツ メンズ)の詳細</h2>
<ul>
<li class=desc>品番：　SDG-1011</li>
<li class=desc>色：　ピンク/グリーン/オレンジ/ブルー</li>
<li class=desc>サイズ：　S/M/L</li>
<li class=desc>素材：　コットン65%、ポリエステル35%</li>
<li class=desc>生地の厚さ：　薄め</li>
<li class=desc>カテゴリ：　ホットパンツ ショートパンツ メンズ</li>
<li class=desc>用途1：　コスプレ プレゼント 趣味</li>
<li class=desc>用途2：　メール便可(ゆうパケット対応OK) コンビニ後払い(NP後払い)対応</li>
</ul>
<br>
<!-- ここから発送情報　--><TABLE border=""2"" BORDERCOLOR=""#ff3366""><TR><TD><FONT size=""-1"">【発送情報】<BR><BR>■送料　ゆうパケット：250円、宅配便：540円<BR>■ゆうパケットに関する注意事項</FONT></TD></TR></TABLE><BR><BR><div><img src=""http://image.rakuten.co.jp/ca-ba/cabinet/use_u_packet.gif""></div><!-- ここまで発送情報　-->",ホットパンツ：キャバ,ホットパンツ,メール便可(ゆうパケット対応OK) コンビニ後払い(NP後払い)対応。ホットパンツ[rn]
13-87941,http://tshop.r10s.jp/ca-ba/cabinet/others1/sdg-1002_1.jpg?fitin=700:700,2240.0000,,メンズファッション > ズボン・パンツ,ホットパンツ,メール便可(ゆうパケット対応OK) コンビニ後払い(NP後払い)対応,"<h2 class=midashi>デニム ホットパンツ (ショートパンツ メンズ)の説明</h2>
<p>
メンズのデニムショートパンツです。<BR>
ローライズのシルエットがセクシーな1枚。<BR>
ボディにはド派手な星条旗柄のカラーデニムを使用。<BR>
裾は切りっぱなし風になったデザインです。<BR>
※画像のショートパンツ以外は含まれませんので、予めご了承下さい。<BR>
※生地は横にわずかに伸縮します。<BR>
<BR>
■仕様<BR>
・フロントはボタンとジップ付き<BR>
・ポケットは前後に各2つ<BR>
・ベルトループ付き<BR>
<BR>
■寸法(平置きで計測)<BR>
<BR>
・ウエスト(片面の値×2)<BR>
Sサイズ： 約67cm<BR>
Mサイズ： 約75cm<BR>
Lサイズ： 約78cm<BR>
<BR>
丈(中心部)：<BR>
Sサイズ： 約20cm<BR>
Mサイズ： 約20cm<BR>
Lサイズ： 約20cm<BR>
<BR>
足ぐり(片面の値×2)<BR>
Sサイズ： 約50cm<BR>
Mサイズ： 約52cm<BR>
Lサイズ： 約54cm<BR>
<BR>
※インポート物につき稀に移染や裁縫に甘さがございます。<BR>
また、製造時期によりサイズ感、デザイン等に多少の違いが<BR>
ある場合がございます。あらかじめご了承下さい。<BR>
<BR>
※こちらの商品は女性も着用出来ます。<BR>
</p>
<br>
<h2 class=midashi>デニム ホットパンツ (ショートパンツ メンズ)の詳細</h2>
<ul>
<li class=desc>品番：　SDG-1002</li>
<li class=desc>色：　As Shown</li>
<li class=desc>サイズ：　S/M/L</li>
<li class=desc>素材：　コットン65%、ポリエステル35%</li>
<li class=desc>生地の厚さ：　薄め</li>
<li class=desc>カテゴリ：　ホットパンツ ショートパンツ メンズ</li>
<li class=desc>用途1：　コスプレ プレゼント 趣味</li>
<li class=desc>用途2：　メール便可(ゆうパケット対応OK) コンビニ後払い(NP後払い)対応</li>
</ul>
<br>
<!-- ここから発送情報　--><TABLE border=""2"" BORDERCOLOR=""#ff3366""><TR><TD><FONT size=""-1"">【発送情報】<BR><BR>■送料　ゆうパケット：250円、宅配便：540円<BR>■ゆうパケットに関する注意事項</FONT></TD></TR></TABLE><BR><BR><div><img src=""http://image.rakuten.co.jp/ca-ba/cabinet/use_u_packet.gif""></div><!-- ここまで発送情報　-->",ホットパンツ：キャバ,ホットパンツ,メール便可(ゆうパケット対応OK) コンビニ後払い(NP後払い)対応。ホットパンツ[rn]
13-87942,http://tshop.r10s.jp/ca-ba/cabinet/others1/sdg-1013_1.jpg?fitin=700:700,2240.0000,,メンズファッション > ズボン・パンツ,ホットパンツ,メール便可(ゆうパケット対応OK) コンビニ後払い(NP後払い)対応,"<h2 class=midashi>フリンジ付きホットパンツ (ショートパンツ メンズ)の説明</h2>
<p>
メンズのショートパンツです。<BR>
足回りに多くのフリンジが付いたセクシーな1枚。<BR>
ボディにはやや伸縮性のある生地を使用。<BR>
前はボタンフライ式になっています。<BR>
※画像のショートパンツ以外は含まれませんので、予めご了承下さい。<BR>
※生地は横にやや伸縮します。<BR>
<BR>
■仕様<BR>
・フロントは4つのボタン付き<BR>
<BR>
■寸法(平置きで計測)<BR>
<BR>
・ウエスト(片面の値×2)<BR>
Sサイズ： 約68cm<BR>
Mサイズ： 約71cm<BR>
Lサイズ： 約75cm<BR>
<BR>
丈(中心部)：<BR>
Sサイズ： 約19cm<BR>
Mサイズ： 約19cm<BR>
Lサイズ： 約20cm<BR>
<BR>
足ぐり(片面の値×2)<BR>
Sサイズ： 約46cm<BR>
Mサイズ： 約49cm<BR>
Lサイズ： 約51cm<BR>
<BR>
※インポート物につき稀に移染や裁縫に甘さがございます。<BR>
また、製造時期によりサイズ感、デザイン等に多少の違いが<BR>
ある場合がございます。あらかじめご了承下さい。<BR>
<BR>
※こちらの商品は女性も着用出来ます。<BR>
</p>
<br>
<h2 class=midashi>フリンジ付きホットパンツ (ショートパンツ メンズ)の詳細</h2>
<ul>
<li class=desc>品番：　SDG-1013</li>
<li class=desc>色：　As Shown</li>
<li class=desc>サイズ：　S/M/L</li>
<li class=desc>素材：　表記なし</li>
<li class=desc>生地の厚さ：　薄め</li>
<li class=desc>カテゴリ：　ホットパンツ ショートパンツ メンズ</li>
<li class=desc>用途1：　コスプレ プレゼント 趣味</li>
<li class=desc>用途2：　メール便可(ゆうパケット対応OK) コンビニ後払い(NP後払い)対応</li>
</ul>
<br>
<!-- ここから発送情報　--><TABLE border=""2"" BORDERCOLOR=""#ff3366""><TR><TD><FONT size=""-1"">【発送情報】<BR><BR>■送料　ゆうパケット：250円、宅配便：540円<BR>■ゆうパケットに関する注意事項</FONT></TD></TR></TABLE><BR><BR><div><img src=""http://image.rakuten.co.jp/ca-ba/cabinet/use_u_packet.gif""></div><!-- ここまで発送情報　-->",ホットパンツ：キャバ,ホットパンツ,メール便可(ゆうパケット対応OK) コンビニ後払い(NP後払い)対応。ホットパンツ[rn]
13-87943,http://tshop.r10s.jp/ca-ba/cabinet/others1/ek-h37051_1.jpg?fitin=700:700,2016.0000,,メンズファッション > ズボン・パンツ,ホットパンツ,メール便可(ゆうパケット対応OK) コンビニ後払い(NP後払い)対応,"<h2 class=midashi>エグゼ神戸 メンズ ホットパンツ (迷彩柄　短パン)の説明</h2>
<p>
エグゼ神戸のメンズホットパンツです。<BR>
生地は少しウォッシュがかかった迷彩柄を採用。<BR>
裾には適度なダメージ加工がされていて、<BR>
パンツの前と後ろそれぞれ左右にポケット付きです。<BR>
セクシーかつワイルドなミリタリー系デザインでオススメですよ。<BR>
フロントジップ仕様。ベルトループ付き。<BR>
</p>
<br>
<h2 class=midashi>エグゼ神戸 メンズ ホットパンツ (迷彩柄　短パン)</h2>
<ul>
<li class=desc>品番：　H37051</li>
<li class=desc>素材：　綿100%</li>
<li class=desc>寸法(メーカー公表値)：　M：ウエスト70ｃｍヒップ80ｃｍ/XL：ウエスト80ｃｍヒップ90ｃｍ</li>
<li class=desc>色：  迷彩柄 (カモフラージュ)</li>
<li class=desc>サイズ：　M/XL</li>
<li class=desc>用途：　メール便可(ゆうパケット対応OK) コンビニ後払い(NP後払い)対応</li>
</ul>
<br>
<!-- ここから発送情報　--><TABLE border=""2"" BORDERCOLOR=""#ff3366""><TR><TD><FONT size=""-1"">【発送情報】<BR><BR>■送料　ゆうパケット：250円、宅配便：540円<BR>■ゆうパケットに関する注意事項</FONT></TD></TR></TABLE><BR><BR><div><img src=""http://image.rakuten.co.jp/ca-ba/cabinet/use_u_packet.gif""></div><!-- ここまで発送情報　-->",ホットパンツ：キャバ,ホットパンツ,メール便可(ゆうパケット対応OK) コンビニ後払い(NP後払い)対応。ホットパンツ[rn]
13-87944,http://tshop.r10s.jp/ca-ba/cabinet/or/2140128_1.jpg?fitin=700:700,4880.0000,,メンズファッション > ズボン・パンツ,光沢 レギンス メンズ(男性用 下着 メンズインナー) 10分丈 スキニー フェイクレザー ウェットルックの黒(ブラック) ナイトウエア ボンテージ パンツ,メール便可(ゆうパケット対応OK) コンビニ後払い(NP後払い)対応,"<h2 class=midashi>男性用レギンス ウェットルック 黒スキニーの説明</h2>
<p>
光沢のあるウェットルックな男性用のレギンスです。<BR>
程よい厚さとストレッチが効いたフェイクレザーのスキニータイプで<BR>
フロントのジッパーデザインが他にはない目を惹く作りになっています。<BR>
<BR>
※画像に写っているレギンス以外の商品は含まれませんのでご注意下さい。<BR>
<BR>
</p>
<h2 class=midashi>男性用レギンス ウェットルック 黒スキニーの詳細</h2>
<ul>
<li class=desc>品番：　OR-2140128</li>
<li class=desc>色：  黒(ブラック)</li>
<li class=desc>素材：　ポリアミド86%、スパンデックス14%</li>
<li class=desc>サイズ：　M、L、XL<BR>
<BR>
下記の値は、全て商品を平置きにした状態で計測した実測値になります。<BR>
測る位置や製造時期などの理由で多少の誤差が出ると思いますが<BR>
予めご了承下さい。<BR>
また、ストレッチが効いている為、計測値より更に伸びます。<BR>
<BR>
◆表示：総丈、股下、ウエスト/片面、裾口/片面(cm)<BR>
<BR>
■Mサイズ：　95cm、73cm、33cm、10cm<BR>
<BR>
■Lサイズ：　96cm、73cm、34cm、10.5cm<BR>
<BR>
■XLサイズ：　97cm、74cm、35cm、11cm<BR>
<BR>
<BR>
◆着用マネキン<BR>
商品画像でマネキンが着用している商品は「XL」サイズになります。<BR>
身長190cmの大型マネキンの為、「M」サイズは入らず「L」サイズは<BR>
太もも周りがかなりキツめの為、「XL」サイズを着用しました。<BR>
着用感はかなりタイトで少し丈が足らないイメージでした。<BR>
ただ、ピッタリと履くのが好ましい商品なので、イメージ通りです。<BR>
こちらのマネキンのサイズは商品画像に掲載したメーカーの<BR>
サイズチャートと合わせてご参考にして下さい。<BR>
<BR>
</li>
<li class=desc>カテゴリー：　レギンス 男性用レギンス スキニー メンズインナー</li>
<li class=desc>用途：　普段着 デイリー 締め付け セクシー イベント プレイ</li>
</ul>
<br>


<BR>
<!-- ここから発送情報　-->
<TABLE border=""2"" BORDERCOLOR=""#ff3366""><TR><TD><FONT size=""-1"">
【発送情報】<BR>
<BR>
■送料　ゆうパケット：250円、宅配便：540円<BR>
■ゆうパケットに関する注意事項</FONT></TD></TR></TABLE><BR>
<BR>
<div>
<img src=""http://image.rakuten.co.jp/ca-ba/cabinet/use_u_packet.gif""></div>
<!-- ここまで発送情報　-->



<BR>
<!--------↓おすすめ関連商品↓-------->
<BR>
<BR>
<table width=""100%"" border=""1"" bordercolor=""#ddd"" cellpadding=""8"" cellspacing=""0"">
  <tr>
    <td width=""100%"" height=""32"" colspan=""3"">
      <p><b><font size=""2"">おすすめの関連商品</font></b></p>
    </td>
  </tr>
  <tr>

   <!--------↓1商品目↓-------->
    <td width=""33%"">
    <table width=""100%"" border=""0"" cellpadding=""4"" cellspacing=""0"">
      <tr>
        <td>
          
          <img src=""http://thumbnail.image.rakuten.co.jp/@0_mall/ca-ba/cabinet/or/2190010_1.jpg"" width=""100%"" />
            <p><b><font size=""2"" color=""red"">
            メンズ手袋(ロンググローブ)
            </font></b></p>
          
          <p><font size=""2"" color=""#555"">
            セクシーなウェットルックの男性用グローブです！
          </font></p>
        </td>
      </tr>
    </table>
    </td>
   <!--------↑1商品目ここまで↑-------->


   <!--------↓2商品目↓-------->
    <td width=""33%"">
    <table width=""100%"" border=""0"" cellpadding=""4"" cellspacing=""0"">
      <tr>
        <td>
          
          <img src=""http://thumbnail.image.rakuten.co.jp/@0_mall/ca-ba/cabinet/or/0271_1.jpg"" width=""100%"" />
            <p><b><font size=""2"" color=""red"">
            メンズ用トランクス(男性下着)
            </font></b></p>
          
          <p><font size=""2"" color=""#555"">
            股間分に穴が開いたセクシーなメンズ用トランクスショーツです！
          </font></p>
        </td>
      </tr>
    </table>
    </td>
   <!--------↑2商品目ここまで↑-------->


   <!--------↓3商品目↓-------->
    <td width=""33%"">
    <table width=""100%"" border=""0"" cellpadding=""4"" cellspacing=""0"">
      <tr>
        <td>
          
          <img src=""http://thumbnail.image.rakuten.co.jp/@0_mall/ca-ba/cabinet/or/2150239_1.jpg"" width=""100%"" />
            <p><b><font size=""2"" color=""red"">
            男性用オーバーオール
            </font></b></p>
          
          <p><font size=""2"" color=""#555"">
            メンズ用バイカースタイルのボンデージファッションです！
          </font></p>
        </td>
      </tr>
    </table>
    </td>
   <!--------↑3商品目ここまで↑-------->

  </tr>
</table>
<!--------↑おすすめ関連商品ここまで↑-------->",光沢 レギンス メンズ(男性用 下着 メンズインナー) 10分丈 スキニー フェイクレザー ウェットルックの黒(ブラック) ナイトウエア ボンテージ パンツ：キャバ,光沢 レギンス メンズ(男性用 下着 メンズインナー) 10分丈 スキニー フェイクレザー ウェットルックの黒(ブラック) ナイトウエア ボンテージ パンツ,メール便可(ゆうパケット対応OK) コンビニ後払い(NP後払い)対応。光沢 レギンス メンズ(男性用 下着 メンズインナー) 10分丈 スキニー フェイクレザー ウェットルックの黒(ブラック) ナイトウエア ボンテージ パンツ[rn]
13-87945,http://tshop.r10s.jp/acdcrag/cabinet/pants/short/zz-046-b_0.jpg?fitin=700:700,1200.0000,,メンズファッション > ズボン・パンツ,USAハーフパンツ 原宿系 青文字系 派手 派手カワ ハーフパンツ パンツ メンズ レディース 総柄 柄物 ファッション ダンス ダンス衣装 ヒップホップ ルームウェア フィットネス 個性派 個性的 ACDC ACDCRAG,【メール便可】原宿系なメンズ総柄ハーフパンツ♪,"<br>
<!--▼あす楽ここから-->
<table width=""100%"" border=""0"" cellpadding=""0"" cellspacing=""2"" align=""center"">
<tr align=""left"">
<td width=""100%""><img src=""https://image.rakuten.co.jp/acdcrag/cabinet/common/asuraku.jpg"" width=""100%"" alt=""あす楽""></td>
</tr>
</table>

<br>

<!--▼イベントここから-->
<table width=""100%"" border=""0"" cellpadding=""0"" cellspacing=""2"" align=""center"">
<tr align=""left"">
<td width=""100%""><img src=""https://image.rakuten.co.jp/acdcrag/cabinet/tokusyu/kago-event3.jpg"" width=""100%"" alt=""イベントリスト""></td>
</tr>
</table>

<!--▼大バナーここから-->
<table width=""100%"" border=""0"" cellpadding=""0"" cellspacing=""2"" align=""center"">
<tr align=""left"">
<td width=""100%""><img src=""https://image.rakuten.co.jp/acdcrag/cabinet/tokusyu/2017tee_3.jpg"" alt=""2017Tシャツ"" width=""100%""></td> 
</tr> </table>

<table width=""100%"" border=""0"" cellpadding=""0"" cellspacing=""2"" align=""center"">
<tr align=""left"">
<td width=""100%""><img src=""http://image.rakuten.co.jp/acdcrag/cabinet/04255464/header/banner_07.jpg"" alt=""2017春夏新作"" width=""100%""></td>
</tr>
</table>

<br>

<!--▼ピックアップここから-->
<table width=""100%"" border=""0"" cellpadding=""0"" cellspacing=""2"" align=""center"">
<tr align=""left"">
<td width=""100%""><img src=""https://image.rakuten.co.jp/acdcrag/cabinet/tokusyu/kago-pickup.jpg"" width=""100%"" alt=""ピックアップ""></td>
</tr>
</table>

<!--▼中バナーここから-->
<table width=""100%"" border=""0"" cellpadding=""0"" cellspacing=""2"" align=""center"">

<tr align=""left"">
<td width=""49%""><img src=""https://image.rakuten.co.jp/acdcrag/cabinet/common/mbanner_1.jpg"" alt=""PPG!"" width=""100%"">
</td>
<td width=""49%""><img src=""https://image.rakuten.co.jp/acdcrag/cabinet/common/mbanner_2.jpg"" alt=""2017SS新作"" width=""100%"">
</td>
</tr>

<tr align=""left"">
<td width=""49%""><img src=""https://image.rakuten.co.jp/acdcrag/cabinet/common/mbanner_3.jpg"" alt=""モードパンク"" width=""100%"">
</td>
<td width=""49%""><img src=""https://image.rakuten.co.jp/acdcrag/cabinet/common/mbanner_4.jpg"" alt=""チャイナ"" width=""100%"">
</td>
</tr>

<tr align=""left"">
<td width=""49%""><img src=""https://image.rakuten.co.jp/acdcrag/cabinet/common/mbanner_5.jpg"" alt=""KERA!掲載"" width=""100%"">
</td>
<td width=""49%""><img src=""https://image.rakuten.co.jp/acdcrag/cabinet/common/mbanner_6.jpg"" alt=""インスタ"" width=""100%"">
</td>
</tr>

<tr align=""left"">
<td width=""49%""><img src=""https://image.rakuten.co.jp/acdcrag/cabinet/common/mbanner_7.jpg"" alt=""コジコジ"" width=""100%"">
</td>
<td width=""49%""><img src=""https://image.rakuten.co.jp/acdcrag/cabinet/common/mbanner_8.jpg"" alt=""なめ猫"" width=""100%"">
</td>
</tr>

<tr align=""left"">
<td width=""49%""><img src=""https://image.rakuten.co.jp/acdcrag/cabinet/common/mbanner_9.jpg"" alt=""パンダ"" width=""100%"">
</td>
<td width=""49%""><img src=""https://image.rakuten.co.jp/acdcrag/cabinet/common/mbanner_10.jpg"" alt=""猫特集"" width=""100%"">
</td>
</tr>

<tr align=""left"">
<td width=""49%""><img src=""https://image.rakuten.co.jp/acdcrag/cabinet/common/mbanner_11.jpg"" alt=""超原宿系キモノ"" width=""100%"">
</td>
<td width=""49%""><img src=""https://image.rakuten.co.jp/acdcrag/cabinet/common/mbanner_12.jpg"" alt=""骨"" width=""100%"">
</td>
</tr>

</table>

<br>

<!--▼1000円以下ここから-->
<table width=""100%"" border=""0"" cellpadding=""0"" cellspacing=""2"" align=""center"">
<tr align=""left"">
<td width=""100%""><img src=""https://image.rakuten.co.jp/acdcrag/cabinet/tokusyu/kago-1000yen2.jpg"" width=""100%"" alt=""1000円以下""></td>
</tr>
</table><!--▼マウスオーバー用CSSここから-->
<style type=""text/css"">
<!-- 
a:hover {
opacity:0.6;
filter:alpha(opacity=60);
-ms-filter: ""alpha( opacity=60 )"";
}
-->
</style>


<!--▼商品名変更用CSSここから-->
<style type=""text/css"">
<!--

.item_name {
display:block;
margin-bottom:15px;
}

.catch_copy {
display:block;
margin-bottom:15px;
}

-->
</style>



<!--▼メインバナーここから-->

<table width=""760px"" border=""0"" cellpadding=""0"" cellspacing=""5"" align=""center"">
<tr align=""left"">
<td width=""100%""><img src=""http://image.rakuten.co.jp/acdcrag/cabinet/ppg/ppg_06.jpg"" alt=""PPG予約"" width=""100%"">


</td></tr>
</table>

<!--▼大バナーここから-->
<table width=""760px"" border=""0"" cellpadding=""0"" cellspacing=""5"" align=""center"">
<tr align=""left"">
<td width=""100%""><img src=""http://image.rakuten.co.jp/acdcrag/cabinet/2017ss/banner_06.jpg"" alt=""2017春夏新作"" width=""100%"">
</td></tr>
</table>

<!--▼中バナーここから-->
<table width=""760px"" border=""0"" cellpadding=""0"" cellspacing=""5"" align=""center"">

<tr align=""left"">
<td width=""49%""><img src=""http://image.rakuten.co.jp/acdcrag/cabinet/sale/201703ss/top_07.jpg"" alt=""モードパンク"" width=""100%"">
</td>

<td width=""49%""><img src=""http://image.rakuten.co.jp/acdcrag/cabinet/sale/201703ss/top_11.jpg"" alt=""チャイナ予約"" width=""100%"">
</td>
</tr>
</table>

<!--▼中バナーここから-->
<table width=""760px"" border=""0"" cellpadding=""0"" cellspacing=""5"" align=""center"">
<tr align=""left"">
<td width=""49%""><img src=""http://image.rakuten.co.jp/acdcrag/cabinet/magazine/top_15.jpg"" alt=""猫特集"" width=""100%"">
</td>
<td width=""49%""><img src=""http://image.rakuten.co.jp/acdcrag/cabinet/sale/201703ss/top_12.jpg"" alt=""猫特集"" width=""100%"">
</td>
</tr>
</table>


<!--▼中バナーここから-->
<table width=""760px"" border=""0"" cellpadding=""0"" cellspacing=""5"" align=""center"">
<tr align=""left"">

<td width=""49%""><img src=""http://image.rakuten.co.jp/acdcrag/cabinet/sale/201703ss/top_08.jpg"" alt=""コジコジ"" width=""100%"">

</td>

<td width=""49%""><img src=""http://image.rakuten.co.jp/acdcrag/cabinet/sale/201703ss/top_09.jpg"" alt=""なめ猫"" width=""100%"">

</td>

</tr>
</table>

<!--▼大バナーここから-->
<table width=""760px"" border=""0"" cellpadding=""0"" cellspacing=""5"" align=""center"">
<tr align=""left"">
<td width=""100%""><img src=""http://image.rakuten.co.jp/acdcrag/cabinet/04255464/header/post3.jpg"" alt=""パンダ特集"" width=""100%"">
</td></tr>
</table>",USAハーフパンツ 原宿系 青文字系 派手 派手カワ ハーフパンツ パンツ メンズ レディース 総柄 柄物 ファッション ダンス ダンス衣装 ヒップホップ ルームウェア フィットネス 個性派 個性的 ACDC ACDCRAG：ACDC RAG 原宿竹下通り店,ダンス　衣装ダンス　衣装　スパンコール衣装　スパンコールダンス　サルエルパンツダンス サルエルパンツ　7分丈ダンス　衣装　ヒップホップダンス衣装スパンコール原宿系原宿系 ファッション派手 パーカー派手 Tシャツ派手 サルエルパンツゴシック　ワンピースパンク　ファッションロリータ　ワンピースゴスロリ　ファッションパンク スカートパンク パーカーパンク TシャツUSAハーフパンツ 原宿系 青文字系 派手 派手カワ ハーフパンツ パンツ メンズ レディース 総柄 柄物 ファッション ダンス ダンス衣装 ヒップホップ ルームウェア フィットネス 個性派 個性的 ACDC ACDCRAG,【メール便可】原宿系なメンズ総柄ハーフパンツ♪。USAハーフパンツ 原宿系 青文字系 派手 派手カワ ハーフパンツ パンツ メンズ レディース 総柄 柄物 ファッション ダンス ダンス衣装 ヒップホップ ルームウェア フィットネス 個性派 個性的 ACDC ACDCRAG[rn]
13-87946,http://tshop.r10s.jp/acdcrag/cabinet/pants/short/zz-088-b_0.jpg?fitin=700:700,1200.0000,,メンズファッション > ズボン・パンツ,ユニオンハーフパンツ ユニオンジャック UK 国旗 原宿系 メンズ ファッション 青文字系 派手 派手カワ ハーフパンツ 半ズボン 短パン 総柄 柄物 ダンス 衣装 ヒップホップ ルームウェア フィットネス 個性派 個性的 ACDC ACDCRAG,【メール便可】原宿系な総柄ハーフパンツ♪,"<br>
<!--▼あす楽ここから-->
<table width=""100%"" border=""0"" cellpadding=""0"" cellspacing=""2"" align=""center"">
<tr align=""left"">
<td width=""100%""><img src=""https://image.rakuten.co.jp/acdcrag/cabinet/common/asuraku.jpg"" width=""100%"" alt=""あす楽""></td>
</tr>
</table>

<br>

<!--▼イベントここから-->
<table width=""100%"" border=""0"" cellpadding=""0"" cellspacing=""2"" align=""center"">
<tr align=""left"">
<td width=""100%""><img src=""https://image.rakuten.co.jp/acdcrag/cabinet/tokusyu/kago-event3.jpg"" width=""100%"" alt=""イベントリスト""></td>
</tr>
</table>

<!--▼大バナーここから-->
<table width=""100%"" border=""0"" cellpadding=""0"" cellspacing=""2"" align=""center"">
<tr align=""left"">
<td width=""100%""><img src=""https://image.rakuten.co.jp/acdcrag/cabinet/tokusyu/2017tee_3.jpg"" alt=""2017Tシャツ"" width=""100%""></td> 
</tr> </table>

<table width=""100%"" border=""0"" cellpadding=""0"" cellspacing=""2"" align=""center"">
<tr align=""left"">
<td width=""100%""><img src=""http://image.rakuten.co.jp/acdcrag/cabinet/04255464/header/banner_07.jpg"" alt=""2017春夏新作"" width=""100%""></td>
</tr>
</table>

<br>

<!--▼ピックアップここから-->
<table width=""100%"" border=""0"" cellpadding=""0"" cellspacing=""2"" align=""center"">
<tr align=""left"">
<td width=""100%""><img src=""https://image.rakuten.co.jp/acdcrag/cabinet/tokusyu/kago-pickup.jpg"" width=""100%"" alt=""ピックアップ""></td>
</tr>
</table>

<!--▼中バナーここから-->
<table width=""100%"" border=""0"" cellpadding=""0"" cellspacing=""2"" align=""center"">

<tr align=""left"">
<td width=""49%""><img src=""https://image.rakuten.co.jp/acdcrag/cabinet/common/mbanner_1.jpg"" alt=""PPG!"" width=""100%"">
</td>
<td width=""49%""><img src=""https://image.rakuten.co.jp/acdcrag/cabinet/common/mbanner_2.jpg"" alt=""2017SS新作"" width=""100%"">
</td>
</tr>

<tr align=""left"">
<td width=""49%""><img src=""https://image.rakuten.co.jp/acdcrag/cabinet/common/mbanner_3.jpg"" alt=""モードパンク"" width=""100%"">
</td>
<td width=""49%""><img src=""https://image.rakuten.co.jp/acdcrag/cabinet/common/mbanner_4.jpg"" alt=""チャイナ"" width=""100%"">
</td>
</tr>

<tr align=""left"">
<td width=""49%""><img src=""https://image.rakuten.co.jp/acdcrag/cabinet/common/mbanner_5.jpg"" alt=""KERA!掲載"" width=""100%"">
</td>
<td width=""49%""><img src=""https://image.rakuten.co.jp/acdcrag/cabinet/common/mbanner_6.jpg"" alt=""インスタ"" width=""100%"">
</td>
</tr>

<tr align=""left"">
<td width=""49%""><img src=""https://image.rakuten.co.jp/acdcrag/cabinet/common/mbanner_7.jpg"" alt=""コジコジ"" width=""100%"">
</td>
<td width=""49%""><img src=""https://image.rakuten.co.jp/acdcrag/cabinet/common/mbanner_8.jpg"" alt=""なめ猫"" width=""100%"">
</td>
</tr>

<tr align=""left"">
<td width=""49%""><img src=""https://image.rakuten.co.jp/acdcrag/cabinet/common/mbanner_9.jpg"" alt=""パンダ"" width=""100%"">
</td>
<td width=""49%""><img src=""https://image.rakuten.co.jp/acdcrag/cabinet/common/mbanner_10.jpg"" alt=""猫特集"" width=""100%"">
</td>
</tr>

<tr align=""left"">
<td width=""49%""><img src=""https://image.rakuten.co.jp/acdcrag/cabinet/common/mbanner_11.jpg"" alt=""超原宿系キモノ"" width=""100%"">
</td>
<td width=""49%""><img src=""https://image.rakuten.co.jp/acdcrag/cabinet/common/mbanner_12.jpg"" alt=""骨"" width=""100%"">
</td>
</tr>

</table>

<br>

<!--▼1000円以下ここから-->
<table width=""100%"" border=""0"" cellpadding=""0"" cellspacing=""2"" align=""center"">
<tr align=""left"">
<td width=""100%""><img src=""https://image.rakuten.co.jp/acdcrag/cabinet/tokusyu/kago-1000yen2.jpg"" width=""100%"" alt=""1000円以下""></td>
</tr>
</table><!--▼マウスオーバー用CSSここから-->
<style type=""text/css"">
<!-- 
a:hover {
opacity:0.6;
filter:alpha(opacity=60);
-ms-filter: ""alpha( opacity=60 )"";
}
-->
</style>


<!--▼商品名変更用CSSここから-->
<style type=""text/css"">
<!--

.item_name {
display:block;
margin-bottom:15px;
}

.catch_copy {
display:block;
margin-bottom:15px;
}

-->
</style>



<!--▼メインバナーここから-->

<table width=""760px"" border=""0"" cellpadding=""0"" cellspacing=""5"" align=""center"">
<tr align=""left"">
<td width=""100%""><img src=""http://image.rakuten.co.jp/acdcrag/cabinet/ppg/ppg_06.jpg"" alt=""PPG予約"" width=""100%"">


</td></tr>
</table>

<!--▼大バナーここから-->
<table width=""760px"" border=""0"" cellpadding=""0"" cellspacing=""5"" align=""center"">
<tr align=""left"">
<td width=""100%""><img src=""http://image.rakuten.co.jp/acdcrag/cabinet/2017ss/banner_06.jpg"" alt=""2017春夏新作"" width=""100%"">
</td></tr>
</table>

<!--▼中バナーここから-->
<table width=""760px"" border=""0"" cellpadding=""0"" cellspacing=""5"" align=""center"">

<tr align=""left"">
<td width=""49%""><img src=""http://image.rakuten.co.jp/acdcrag/cabinet/sale/201703ss/top_07.jpg"" alt=""モードパンク"" width=""100%"">
</td>

<td width=""49%""><img src=""http://image.rakuten.co.jp/acdcrag/cabinet/sale/201703ss/top_11.jpg"" alt=""チャイナ予約"" width=""100%"">
</td>
</tr>
</table>

<!--▼中バナーここから-->
<table width=""760px"" border=""0"" cellpadding=""0"" cellspacing=""5"" align=""center"">
<tr align=""left"">
<td width=""49%""><img src=""http://image.rakuten.co.jp/acdcrag/cabinet/magazine/top_15.jpg"" alt=""猫特集"" width=""100%"">
</td>
<td width=""49%""><img src=""http://image.rakuten.co.jp/acdcrag/cabinet/sale/201703ss/top_12.jpg"" alt=""猫特集"" width=""100%"">
</td>
</tr>
</table>


<!--▼中バナーここから-->
<table width=""760px"" border=""0"" cellpadding=""0"" cellspacing=""5"" align=""center"">
<tr align=""left"">

<td width=""49%""><img src=""http://image.rakuten.co.jp/acdcrag/cabinet/sale/201703ss/top_08.jpg"" alt=""コジコジ"" width=""100%"">

</td>

<td width=""49%""><img src=""http://image.rakuten.co.jp/acdcrag/cabinet/sale/201703ss/top_09.jpg"" alt=""なめ猫"" width=""100%"">

</td>

</tr>
</table>

<!--▼大バナーここから-->
<table width=""760px"" border=""0"" cellpadding=""0"" cellspacing=""5"" align=""center"">
<tr align=""left"">
<td width=""100%""><img src=""http://image.rakuten.co.jp/acdcrag/cabinet/04255464/header/post3.jpg"" alt=""パンダ特集"" width=""100%"">
</td></tr>
</table>",ユニオンハーフパンツ ユニオンジャック UK 国旗 原宿系 メンズ ファッション 青文字系 派手 派手カワ ハーフパンツ 半ズボン 短パン 総柄 柄物 ダンス 衣装 ヒップホップ ルームウェア フィットネス 個性派 個性的 ACDC ACDCRAG：ACDC RAG 原宿竹下通り店,ダンス　衣装ダンス　衣装　スパンコール衣装　スパンコールダンス　サルエルパンツダンス サルエルパンツ　7分丈ダンス　衣装　ヒップホップダンス衣装スパンコール原宿系原宿系 ファッション派手 パーカー派手 Tシャツ派手 サルエルパンツゴシック　ワンピースパンク　ファッションロリータ　ワンピースゴスロリ　ファッションパンク スカートパンク パーカーパンク Tシャツユニオンハーフパンツ ユニオンジャック UK 国旗 原宿系 メンズ ファッション 青文字系 派手 派手カワ ハーフパンツ 半ズボン 短パン 総柄 柄物 ダンス 衣装 ヒップホップ ルームウェア フィットネス 個性派 個性的 ACDC ACDCRAG,【メール便可】原宿系な総柄ハーフパンツ♪。ユニオンハーフパンツ ユニオンジャック UK 国旗 原宿系 メンズ ファッション 青文字系 派手 派手カワ ハーフパンツ 半ズボン 短パン 総柄 柄物 ダンス 衣装 ヒップホップ ルームウェア フィットネス 個性派 個性的 ACDC ACDCRAG[rn]
13-87947,http://tshop.r10s.jp/acdcrag/cabinet/pants/short/zz-019-b_0.jpg?fitin=700:700,1200.0000,,メンズファッション > ズボン・パンツ,ゼブラハーフパンツ 原宿系 青文字系 派手 派手カワ ハーフパンツ パンツ メンズ レディース 総柄 柄物 ファッション ダンス ダンス衣装 ヒップホップ ルームウェア フィットネス 個性派 個性的 ACDC ACDCRAG,【メール便可】原宿系なメンズ総柄ハーフパンツ♪,"<br>
<!--▼あす楽ここから-->
<table width=""100%"" border=""0"" cellpadding=""0"" cellspacing=""2"" align=""center"">
<tr align=""left"">
<td width=""100%""><img src=""https://image.rakuten.co.jp/acdcrag/cabinet/common/asuraku.jpg"" width=""100%"" alt=""あす楽""></td>
</tr>
</table>

<br>

<!--▼イベントここから-->
<table width=""100%"" border=""0"" cellpadding=""0"" cellspacing=""2"" align=""center"">
<tr align=""left"">
<td width=""100%""><img src=""https://image.rakuten.co.jp/acdcrag/cabinet/tokusyu/kago-event3.jpg"" width=""100%"" alt=""イベントリスト""></td>
</tr>
</table>

<!--▼大バナーここから-->
<table width=""100%"" border=""0"" cellpadding=""0"" cellspacing=""2"" align=""center"">
<tr align=""left"">
<td width=""100%""><img src=""https://image.rakuten.co.jp/acdcrag/cabinet/tokusyu/2017tee_3.jpg"" alt=""2017Tシャツ"" width=""100%""></td> 
</tr> </table>

<table width=""100%"" border=""0"" cellpadding=""0"" cellspacing=""2"" align=""center"">
<tr align=""left"">
<td width=""100%""><img src=""http://image.rakuten.co.jp/acdcrag/cabinet/04255464/header/banner_07.jpg"" alt=""2017春夏新作"" width=""100%""></td>
</tr>
</table>

<br>

<!--▼ピックアップここから-->
<table width=""100%"" border=""0"" cellpadding=""0"" cellspacing=""2"" align=""center"">
<tr align=""left"">
<td width=""100%""><img src=""https://image.rakuten.co.jp/acdcrag/cabinet/tokusyu/kago-pickup.jpg"" width=""100%"" alt=""ピックアップ""></td>
</tr>
</table>

<!--▼中バナーここから-->
<table width=""100%"" border=""0"" cellpadding=""0"" cellspacing=""2"" align=""center"">

<tr align=""left"">
<td width=""49%""><img src=""https://image.rakuten.co.jp/acdcrag/cabinet/common/mbanner_1.jpg"" alt=""PPG!"" width=""100%"">
</td>
<td width=""49%""><img src=""https://image.rakuten.co.jp/acdcrag/cabinet/common/mbanner_2.jpg"" alt=""2017SS新作"" width=""100%"">
</td>
</tr>

<tr align=""left"">
<td width=""49%""><img src=""https://image.rakuten.co.jp/acdcrag/cabinet/common/mbanner_3.jpg"" alt=""モードパンク"" width=""100%"">
</td>
<td width=""49%""><img src=""https://image.rakuten.co.jp/acdcrag/cabinet/common/mbanner_4.jpg"" alt=""チャイナ"" width=""100%"">
</td>
</tr>

<tr align=""left"">
<td width=""49%""><img src=""https://image.rakuten.co.jp/acdcrag/cabinet/common/mbanner_5.jpg"" alt=""KERA!掲載"" width=""100%"">
</td>
<td width=""49%""><img src=""https://image.rakuten.co.jp/acdcrag/cabinet/common/mbanner_6.jpg"" alt=""インスタ"" width=""100%"">
</td>
</tr>

<tr align=""left"">
<td width=""49%""><img src=""https://image.rakuten.co.jp/acdcrag/cabinet/common/mbanner_7.jpg"" alt=""コジコジ"" width=""100%"">
</td>
<td width=""49%""><img src=""https://image.rakuten.co.jp/acdcrag/cabinet/common/mbanner_8.jpg"" alt=""なめ猫"" width=""100%"">
</td>
</tr>

<tr align=""left"">
<td width=""49%""><img src=""https://image.rakuten.co.jp/acdcrag/cabinet/common/mbanner_9.jpg"" alt=""パンダ"" width=""100%"">
</td>
<td width=""49%""><img src=""https://image.rakuten.co.jp/acdcrag/cabinet/common/mbanner_10.jpg"" alt=""猫特集"" width=""100%"">
</td>
</tr>

<tr align=""left"">
<td width=""49%""><img src=""https://image.rakuten.co.jp/acdcrag/cabinet/common/mbanner_11.jpg"" alt=""超原宿系キモノ"" width=""100%"">
</td>
<td width=""49%""><img src=""https://image.rakuten.co.jp/acdcrag/cabinet/common/mbanner_12.jpg"" alt=""骨"" width=""100%"">
</td>
</tr>

</table>

<br>

<!--▼1000円以下ここから-->
<table width=""100%"" border=""0"" cellpadding=""0"" cellspacing=""2"" align=""center"">
<tr align=""left"">
<td width=""100%""><img src=""https://image.rakuten.co.jp/acdcrag/cabinet/tokusyu/kago-1000yen2.jpg"" width=""100%"" alt=""1000円以下""></td>
</tr>
</table><!--▼マウスオーバー用CSSここから-->
<style type=""text/css"">
<!-- 
a:hover {
opacity:0.6;
filter:alpha(opacity=60);
-ms-filter: ""alpha( opacity=60 )"";
}
-->
</style>


<!--▼商品名変更用CSSここから-->
<style type=""text/css"">
<!--

.item_name {
display:block;
margin-bottom:15px;
}

.catch_copy {
display:block;
margin-bottom:15px;
}

-->
</style>



<!--▼メインバナーここから-->

<table width=""760px"" border=""0"" cellpadding=""0"" cellspacing=""5"" align=""center"">
<tr align=""left"">
<td width=""100%""><img src=""http://image.rakuten.co.jp/acdcrag/cabinet/ppg/ppg_06.jpg"" alt=""PPG予約"" width=""100%"">


</td></tr>
</table>

<!--▼大バナーここから-->
<table width=""760px"" border=""0"" cellpadding=""0"" cellspacing=""5"" align=""center"">
<tr align=""left"">
<td width=""100%""><img src=""http://image.rakuten.co.jp/acdcrag/cabinet/2017ss/banner_06.jpg"" alt=""2017春夏新作"" width=""100%"">
</td></tr>
</table>

<!--▼中バナーここから-->
<table width=""760px"" border=""0"" cellpadding=""0"" cellspacing=""5"" align=""center"">

<tr align=""left"">
<td width=""49%""><img src=""http://image.rakuten.co.jp/acdcrag/cabinet/sale/201703ss/top_07.jpg"" alt=""モードパンク"" width=""100%"">
</td>

<td width=""49%""><img src=""http://image.rakuten.co.jp/acdcrag/cabinet/sale/201703ss/top_11.jpg"" alt=""チャイナ予約"" width=""100%"">
</td>
</tr>
</table>

<!--▼中バナーここから-->
<table width=""760px"" border=""0"" cellpadding=""0"" cellspacing=""5"" align=""center"">
<tr align=""left"">
<td width=""49%""><img src=""http://image.rakuten.co.jp/acdcrag/cabinet/magazine/top_15.jpg"" alt=""猫特集"" width=""100%"">
</td>
<td width=""49%""><img src=""http://image.rakuten.co.jp/acdcrag/cabinet/sale/201703ss/top_12.jpg"" alt=""猫特集"" width=""100%"">
</td>
</tr>
</table>


<!--▼中バナーここから-->
<table width=""760px"" border=""0"" cellpadding=""0"" cellspacing=""5"" align=""center"">
<tr align=""left"">

<td width=""49%""><img src=""http://image.rakuten.co.jp/acdcrag/cabinet/sale/201703ss/top_08.jpg"" alt=""コジコジ"" width=""100%"">

</td>

<td width=""49%""><img src=""http://image.rakuten.co.jp/acdcrag/cabinet/sale/201703ss/top_09.jpg"" alt=""なめ猫"" width=""100%"">

</td>

</tr>
</table>

<!--▼大バナーここから-->
<table width=""760px"" border=""0"" cellpadding=""0"" cellspacing=""5"" align=""center"">
<tr align=""left"">
<td width=""100%""><img src=""http://image.rakuten.co.jp/acdcrag/cabinet/04255464/header/post3.jpg"" alt=""パンダ特集"" width=""100%"">
</td></tr>
</table>",ゼブラハーフパンツ 原宿系 青文字系 派手 派手カワ ハーフパンツ パンツ メンズ レディース 総柄 柄物 ファッション ダンス ダンス衣装 ヒップホップ ルームウェア フィットネス 個性派 個性的 ACDC ACDCRAG：ACDC RAG 原宿竹下通り店,ダンス　衣装ダンス　衣装　スパンコール衣装　スパンコールダンス　サルエルパンツダンス サルエルパンツ　7分丈ダンス　衣装　ヒップホップダンス衣装スパンコール原宿系原宿系 ファッション派手 パーカー派手 Tシャツ派手 サルエルパンツゴシック　ワンピースパンク　ファッションロリータ　ワンピースゴスロリ　ファッションパンク スカートパンク パーカーパンク Tシャツゼブラハーフパンツ 原宿系 青文字系 派手 派手カワ ハーフパンツ パンツ メンズ レディース 総柄 柄物 ファッション ダンス ダンス衣装 ヒップホップ ルームウェア フィットネス 個性派 個性的 ACDC ACDCRAG,【メール便可】原宿系なメンズ総柄ハーフパンツ♪。ゼブラハーフパンツ 原宿系 青文字系 派手 派手カワ ハーフパンツ パンツ メンズ レディース 総柄 柄物 ファッション ダンス ダンス衣装 ヒップホップ ルームウェア フィットネス 個性派 個性的 ACDC ACDCRAG[rn]
13-87948,http://tshop.r10s.jp/acdcrag/cabinet/pants/short/zz-106-b_0.jpg?fitin=700:700,1200.0000,,メンズファッション > ズボン・パンツ,スターハーフパンツ 星柄 原宿系 青文字系 派手 派手カワ ハーフパンツ パンツ メンズ レディース 総柄 柄物 ファッション ダンス ダンス衣装 ヒップホップ ルームウェア フィットネス 個性派 個性的 ACDC ACDCRAG,【メール便可】原宿系なメンズ総柄ハーフパンツ♪,"<br>
<!--▼あす楽ここから-->
<table width=""100%"" border=""0"" cellpadding=""0"" cellspacing=""2"" align=""center"">
<tr align=""left"">
<td width=""100%""><img src=""https://image.rakuten.co.jp/acdcrag/cabinet/common/asuraku.jpg"" width=""100%"" alt=""あす楽""></td>
</tr>
</table>

<br>

<!--▼イベントここから-->
<table width=""100%"" border=""0"" cellpadding=""0"" cellspacing=""2"" align=""center"">
<tr align=""left"">
<td width=""100%""><img src=""https://image.rakuten.co.jp/acdcrag/cabinet/tokusyu/kago-event3.jpg"" width=""100%"" alt=""イベントリスト""></td>
</tr>
</table>

<!--▼大バナーここから-->
<table width=""100%"" border=""0"" cellpadding=""0"" cellspacing=""2"" align=""center"">
<tr align=""left"">
<td width=""100%""><img src=""https://image.rakuten.co.jp/acdcrag/cabinet/tokusyu/2017tee_3.jpg"" alt=""2017Tシャツ"" width=""100%""></td> 
</tr> </table>

<table width=""100%"" border=""0"" cellpadding=""0"" cellspacing=""2"" align=""center"">
<tr align=""left"">
<td width=""100%""><img src=""http://image.rakuten.co.jp/acdcrag/cabinet/04255464/header/banner_07.jpg"" alt=""2017春夏新作"" width=""100%""></td>
</tr>
</table>

<br>

<!--▼ピックアップここから-->
<table width=""100%"" border=""0"" cellpadding=""0"" cellspacing=""2"" align=""center"">
<tr align=""left"">
<td width=""100%""><img src=""https://image.rakuten.co.jp/acdcrag/cabinet/tokusyu/kago-pickup.jpg"" width=""100%"" alt=""ピックアップ""></td>
</tr>
</table>

<!--▼中バナーここから-->
<table width=""100%"" border=""0"" cellpadding=""0"" cellspacing=""2"" align=""center"">

<tr align=""left"">
<td width=""49%""><img src=""https://image.rakuten.co.jp/acdcrag/cabinet/common/mbanner_1.jpg"" alt=""PPG!"" width=""100%"">
</td>
<td width=""49%""><img src=""https://image.rakuten.co.jp/acdcrag/cabinet/common/mbanner_2.jpg"" alt=""2017SS新作"" width=""100%"">
</td>
</tr>

<tr align=""left"">
<td width=""49%""><img src=""https://image.rakuten.co.jp/acdcrag/cabinet/common/mbanner_3.jpg"" alt=""モードパンク"" width=""100%"">
</td>
<td width=""49%""><img src=""https://image.rakuten.co.jp/acdcrag/cabinet/common/mbanner_4.jpg"" alt=""チャイナ"" width=""100%"">
</td>
</tr>

<tr align=""left"">
<td width=""49%""><img src=""https://image.rakuten.co.jp/acdcrag/cabinet/common/mbanner_5.jpg"" alt=""KERA!掲載"" width=""100%"">
</td>
<td width=""49%""><img src=""https://image.rakuten.co.jp/acdcrag/cabinet/common/mbanner_6.jpg"" alt=""インスタ"" width=""100%"">
</td>
</tr>

<tr align=""left"">
<td width=""49%""><img src=""https://image.rakuten.co.jp/acdcrag/cabinet/common/mbanner_7.jpg"" alt=""コジコジ"" width=""100%"">
</td>
<td width=""49%""><img src=""https://image.rakuten.co.jp/acdcrag/cabinet/common/mbanner_8.jpg"" alt=""なめ猫"" width=""100%"">
</td>
</tr>

<tr align=""left"">
<td width=""49%""><img src=""https://image.rakuten.co.jp/acdcrag/cabinet/common/mbanner_9.jpg"" alt=""パンダ"" width=""100%"">
</td>
<td width=""49%""><img src=""https://image.rakuten.co.jp/acdcrag/cabinet/common/mbanner_10.jpg"" alt=""猫特集"" width=""100%"">
</td>
</tr>

<tr align=""left"">
<td width=""49%""><img src=""https://image.rakuten.co.jp/acdcrag/cabinet/common/mbanner_11.jpg"" alt=""超原宿系キモノ"" width=""100%"">
</td>
<td width=""49%""><img src=""https://image.rakuten.co.jp/acdcrag/cabinet/common/mbanner_12.jpg"" alt=""骨"" width=""100%"">
</td>
</tr>

</table>

<br>

<!--▼1000円以下ここから-->
<table width=""100%"" border=""0"" cellpadding=""0"" cellspacing=""2"" align=""center"">
<tr align=""left"">
<td width=""100%""><img src=""https://image.rakuten.co.jp/acdcrag/cabinet/tokusyu/kago-1000yen2.jpg"" width=""100%"" alt=""1000円以下""></td>
</tr>
</table><!--▼マウスオーバー用CSSここから-->
<style type=""text/css"">
<!-- 
a:hover {
opacity:0.6;
filter:alpha(opacity=60);
-ms-filter: ""alpha( opacity=60 )"";
}
-->
</style>


<!--▼商品名変更用CSSここから-->
<style type=""text/css"">
<!--

.item_name {
display:block;
margin-bottom:15px;
}

.catch_copy {
display:block;
margin-bottom:15px;
}

-->
</style>



<!--▼メインバナーここから-->

<table width=""760px"" border=""0"" cellpadding=""0"" cellspacing=""5"" align=""center"">
<tr align=""left"">
<td width=""100%""><img src=""http://image.rakuten.co.jp/acdcrag/cabinet/ppg/ppg_06.jpg"" alt=""PPG予約"" width=""100%"">


</td></tr>
</table>

<!--▼大バナーここから-->
<table width=""760px"" border=""0"" cellpadding=""0"" cellspacing=""5"" align=""center"">
<tr align=""left"">
<td width=""100%""><img src=""http://image.rakuten.co.jp/acdcrag/cabinet/2017ss/banner_06.jpg"" alt=""2017春夏新作"" width=""100%"">
</td></tr>
</table>

<!--▼中バナーここから-->
<table width=""760px"" border=""0"" cellpadding=""0"" cellspacing=""5"" align=""center"">

<tr align=""left"">
<td width=""49%""><img src=""http://image.rakuten.co.jp/acdcrag/cabinet/sale/201703ss/top_07.jpg"" alt=""モードパンク"" width=""100%"">
</td>

<td width=""49%""><img src=""http://image.rakuten.co.jp/acdcrag/cabinet/sale/201703ss/top_11.jpg"" alt=""チャイナ予約"" width=""100%"">
</td>
</tr>
</table>

<!--▼中バナーここから-->
<table width=""760px"" border=""0"" cellpadding=""0"" cellspacing=""5"" align=""center"">
<tr align=""left"">
<td width=""49%""><img src=""http://image.rakuten.co.jp/acdcrag/cabinet/magazine/top_15.jpg"" alt=""猫特集"" width=""100%"">
</td>
<td width=""49%""><img src=""http://image.rakuten.co.jp/acdcrag/cabinet/sale/201703ss/top_12.jpg"" alt=""猫特集"" width=""100%"">
</td>
</tr>
</table>


<!--▼中バナーここから-->
<table width=""760px"" border=""0"" cellpadding=""0"" cellspacing=""5"" align=""center"">
<tr align=""left"">

<td width=""49%""><img src=""http://image.rakuten.co.jp/acdcrag/cabinet/sale/201703ss/top_08.jpg"" alt=""コジコジ"" width=""100%"">

</td>

<td width=""49%""><img src=""http://image.rakuten.co.jp/acdcrag/cabinet/sale/201703ss/top_09.jpg"" alt=""なめ猫"" width=""100%"">

</td>

</tr>
</table>

<!--▼大バナーここから-->
<table width=""760px"" border=""0"" cellpadding=""0"" cellspacing=""5"" align=""center"">
<tr align=""left"">
<td width=""100%""><img src=""http://image.rakuten.co.jp/acdcrag/cabinet/04255464/header/post3.jpg"" alt=""パンダ特集"" width=""100%"">
</td></tr>
</table>",スターハーフパンツ 星柄 原宿系 青文字系 派手 派手カワ ハーフパンツ パンツ メンズ レディース 総柄 柄物 ファッション ダンス ダンス衣装 ヒップホップ ルームウェア フィットネス 個性派 個性的 ACDC ACDCRAG：ACDC RAG 原宿竹下通り店,ダンス　衣装ダンス　衣装　スパンコール衣装　スパンコールダンス　サルエルパンツダンス サルエルパンツ　7分丈ダンス　衣装　ヒップホップダンス衣装スパンコール原宿系原宿系 ファッション派手 パーカー派手 Tシャツ派手 サルエルパンツゴシック　ワンピースパンク　ファッションロリータ　ワンピースゴスロリ　ファッションパンク スカートパンク パーカーパンク Tシャツスターハーフパンツ 星柄 原宿系 青文字系 派手 派手カワ ハーフパンツ パンツ メンズ レディース 総柄 柄物 ファッション ダンス ダンス衣装 ヒップホップ ルームウェア フィットネス 個性派 個性的 ACDC ACDCRAG,【メール便可】原宿系なメンズ総柄ハーフパンツ♪。スターハーフパンツ 星柄 原宿系 青文字系 派手 派手カワ ハーフパンツ パンツ メンズ レディース 総柄 柄物 ファッション ダンス ダンス衣装 ヒップホップ ルームウェア フィットネス 個性派 個性的 ACDC ACDCRAG[rn]
13-87949,http://tshop.r10s.jp/acdcrag/cabinet/pants/short/zz-002-b_0.jpg?fitin=700:700,1200.0000,,メンズファッション > ズボン・パンツ,NEWSハーフパンツ 原宿系 青文字系 派手 派手カワ ハーフパンツ パンツ メンズ レディース 総柄 柄物 ファッション ダンス ダンス衣装 ヒップホップ ルームウェア フィットネス 個性派 個性的 ACDC ACDCRAG,【メール便可】原宿系なメンズ総柄ハーフパンツ♪,"<br>
<!--▼あす楽ここから-->
<table width=""100%"" border=""0"" cellpadding=""0"" cellspacing=""2"" align=""center"">
<tr align=""left"">
<td width=""100%""><img src=""https://image.rakuten.co.jp/acdcrag/cabinet/common/asuraku.jpg"" width=""100%"" alt=""あす楽""></td>
</tr>
</table>

<br>

<!--▼イベントここから-->
<table width=""100%"" border=""0"" cellpadding=""0"" cellspacing=""2"" align=""center"">
<tr align=""left"">
<td width=""100%""><img src=""https://image.rakuten.co.jp/acdcrag/cabinet/tokusyu/kago-event3.jpg"" width=""100%"" alt=""イベントリスト""></td>
</tr>
</table>

<!--▼大バナーここから-->
<table width=""100%"" border=""0"" cellpadding=""0"" cellspacing=""2"" align=""center"">
<tr align=""left"">
<td width=""100%""><img src=""https://image.rakuten.co.jp/acdcrag/cabinet/tokusyu/2017tee_3.jpg"" alt=""2017Tシャツ"" width=""100%""></td> 
</tr> </table>

<table width=""100%"" border=""0"" cellpadding=""0"" cellspacing=""2"" align=""center"">
<tr align=""left"">
<td width=""100%""><img src=""http://image.rakuten.co.jp/acdcrag/cabinet/04255464/header/banner_07.jpg"" alt=""2017春夏新作"" width=""100%""></td>
</tr>
</table>

<br>

<!--▼ピックアップここから-->
<table width=""100%"" border=""0"" cellpadding=""0"" cellspacing=""2"" align=""center"">
<tr align=""left"">
<td width=""100%""><img src=""https://image.rakuten.co.jp/acdcrag/cabinet/tokusyu/kago-pickup.jpg"" width=""100%"" alt=""ピックアップ""></td>
</tr>
</table>

<!--▼中バナーここから-->
<table width=""100%"" border=""0"" cellpadding=""0"" cellspacing=""2"" align=""center"">

<tr align=""left"">
<td width=""49%""><img src=""https://image.rakuten.co.jp/acdcrag/cabinet/common/mbanner_1.jpg"" alt=""PPG!"" width=""100%"">
</td>
<td width=""49%""><img src=""https://image.rakuten.co.jp/acdcrag/cabinet/common/mbanner_2.jpg"" alt=""2017SS新作"" width=""100%"">
</td>
</tr>

<tr align=""left"">
<td width=""49%""><img src=""https://image.rakuten.co.jp/acdcrag/cabinet/common/mbanner_3.jpg"" alt=""モードパンク"" width=""100%"">
</td>
<td width=""49%""><img src=""https://image.rakuten.co.jp/acdcrag/cabinet/common/mbanner_4.jpg"" alt=""チャイナ"" width=""100%"">
</td>
</tr>

<tr align=""left"">
<td width=""49%""><img src=""https://image.rakuten.co.jp/acdcrag/cabinet/common/mbanner_5.jpg"" alt=""KERA!掲載"" width=""100%"">
</td>
<td width=""49%""><img src=""https://image.rakuten.co.jp/acdcrag/cabinet/common/mbanner_6.jpg"" alt=""インスタ"" width=""100%"">
</td>
</tr>

<tr align=""left"">
<td width=""49%""><img src=""https://image.rakuten.co.jp/acdcrag/cabinet/common/mbanner_7.jpg"" alt=""コジコジ"" width=""100%"">
</td>
<td width=""49%""><img src=""https://image.rakuten.co.jp/acdcrag/cabinet/common/mbanner_8.jpg"" alt=""なめ猫"" width=""100%"">
</td>
</tr>

<tr align=""left"">
<td width=""49%""><img src=""https://image.rakuten.co.jp/acdcrag/cabinet/common/mbanner_9.jpg"" alt=""パンダ"" width=""100%"">
</td>
<td width=""49%""><img src=""https://image.rakuten.co.jp/acdcrag/cabinet/common/mbanner_10.jpg"" alt=""猫特集"" width=""100%"">
</td>
</tr>

<tr align=""left"">
<td width=""49%""><img src=""https://image.rakuten.co.jp/acdcrag/cabinet/common/mbanner_11.jpg"" alt=""超原宿系キモノ"" width=""100%"">
</td>
<td width=""49%""><img src=""https://image.rakuten.co.jp/acdcrag/cabinet/common/mbanner_12.jpg"" alt=""骨"" width=""100%"">
</td>
</tr>

</table>

<br>

<!--▼1000円以下ここから-->
<table width=""100%"" border=""0"" cellpadding=""0"" cellspacing=""2"" align=""center"">
<tr align=""left"">
<td width=""100%""><img src=""https://image.rakuten.co.jp/acdcrag/cabinet/tokusyu/kago-1000yen2.jpg"" width=""100%"" alt=""1000円以下""></td>
</tr>
</table><!--▼マウスオーバー用CSSここから-->
<style type=""text/css"">
<!-- 
a:hover {
opacity:0.6;
filter:alpha(opacity=60);
-ms-filter: ""alpha( opacity=60 )"";
}
-->
</style>


<!--▼商品名変更用CSSここから-->
<style type=""text/css"">
<!--

.item_name {
display:block;
margin-bottom:15px;
}

.catch_copy {
display:block;
margin-bottom:15px;
}

-->
</style>



<!--▼メインバナーここから-->

<table width=""760px"" border=""0"" cellpadding=""0"" cellspacing=""5"" align=""center"">
<tr align=""left"">
<td width=""100%""><img src=""http://image.rakuten.co.jp/acdcrag/cabinet/ppg/ppg_06.jpg"" alt=""PPG予約"" width=""100%"">


</td></tr>
</table>

<!--▼大バナーここから-->
<table width=""760px"" border=""0"" cellpadding=""0"" cellspacing=""5"" align=""center"">
<tr align=""left"">
<td width=""100%""><img src=""http://image.rakuten.co.jp/acdcrag/cabinet/2017ss/banner_06.jpg"" alt=""2017春夏新作"" width=""100%"">
</td></tr>
</table>

<!--▼中バナーここから-->
<table width=""760px"" border=""0"" cellpadding=""0"" cellspacing=""5"" align=""center"">

<tr align=""left"">
<td width=""49%""><img src=""http://image.rakuten.co.jp/acdcrag/cabinet/sale/201703ss/top_07.jpg"" alt=""モードパンク"" width=""100%"">
</td>

<td width=""49%""><img src=""http://image.rakuten.co.jp/acdcrag/cabinet/sale/201703ss/top_11.jpg"" alt=""チャイナ予約"" width=""100%"">
</td>
</tr>
</table>

<!--▼中バナーここから-->
<table width=""760px"" border=""0"" cellpadding=""0"" cellspacing=""5"" align=""center"">
<tr align=""left"">
<td width=""49%""><img src=""http://image.rakuten.co.jp/acdcrag/cabinet/magazine/top_15.jpg"" alt=""猫特集"" width=""100%"">
</td>
<td width=""49%""><img src=""http://image.rakuten.co.jp/acdcrag/cabinet/sale/201703ss/top_12.jpg"" alt=""猫特集"" width=""100%"">
</td>
</tr>
</table>


<!--▼中バナーここから-->
<table width=""760px"" border=""0"" cellpadding=""0"" cellspacing=""5"" align=""center"">
<tr align=""left"">

<td width=""49%""><img src=""http://image.rakuten.co.jp/acdcrag/cabinet/sale/201703ss/top_08.jpg"" alt=""コジコジ"" width=""100%"">

</td>

<td width=""49%""><img src=""http://image.rakuten.co.jp/acdcrag/cabinet/sale/201703ss/top_09.jpg"" alt=""なめ猫"" width=""100%"">

</td>

</tr>
</table>

<!--▼大バナーここから-->
<table width=""760px"" border=""0"" cellpadding=""0"" cellspacing=""5"" align=""center"">
<tr align=""left"">
<td width=""100%""><img src=""http://image.rakuten.co.jp/acdcrag/cabinet/04255464/header/post3.jpg"" alt=""パンダ特集"" width=""100%"">
</td></tr>
</table>",NEWSハーフパンツ 原宿系 青文字系 派手 派手カワ ハーフパンツ パンツ メンズ レディース 総柄 柄物 ファッション ダンス ダンス衣装 ヒップホップ ルームウェア フィットネス 個性派 個性的 ACDC ACDCRAG：ACDC RAG 原宿竹下通り店,ダンス　衣装ダンス　衣装　スパンコール衣装　スパンコールダンス　サルエルパンツダンス サルエルパンツ　7分丈ダンス　衣装　ヒップホップダンス衣装スパンコール原宿系原宿系 ファッション派手 パーカー派手 Tシャツ派手 サルエルパンツゴシック　ワンピースパンク　ファッションロリータ　ワンピースゴスロリ　ファッションパンク スカートパンク パーカーパンク TシャツNEWSハーフパンツ 原宿系 青文字系 派手 派手カワ ハーフパンツ パンツ メンズ レディース 総柄 柄物 ファッション ダンス ダンス衣装 ヒップホップ ルームウェア フィットネス 個性派 個性的 ACDC ACDCRAG,【メール便可】原宿系なメンズ総柄ハーフパンツ♪ 。NEWSハーフパンツ 原宿系 青文字系 派手 派手カワ ハーフパンツ パンツ メンズ レディース 総柄 柄物 ファッション ダンス ダンス衣装 ヒップホップ ルームウェア フィットネス 個性派 個性的 ACDC ACDCRAG[rn]
13-87950,http://tshop.r10s.jp/bigbangfellas/cabinet/ls_pants/cb-1003-k90.jpg?fitin=700:700,2000.0000,,メンズファッション > ズボン・パンツ,【送料無料】メンズ カジュアル ジョガーパンツ チノパン ハーレム ボトムス 春 夏 秋 冬 キャメル ブラック ネイビー　カジュアル,メンズ カジュアル ジョガーパンツ ハーレム ボトムス,"●商品名<BR>【送料無料】メンズ カジュアル ジョガーパンツ ハーレム ボトムス 春 夏 キャメル ブラック ネイビー<BR><BR>●素材 <br>
コットン<br>
●サイズ <br>
ウエスト/総丈/わたり<br>
<br>
【28】約70cm/約96cm/約27cm<br>
【30】約80cm/約100cm/約28cm<br>
【32】約82cm/約102cm/約29cm<br>
【34】約92cm/約102cm/約31cm<br>
【36】約96cm/約105cm/約32cm<br>
【38】約104cm/約106cm/約34cm<br>
【40】約114cm/約111cm/約36cm<br>
【42】約120cm/約111cm/約37cm<br>
      <br>
      
      
      <br>
     注目アイテムのジョガーパンツ！<br>
      <br>
      当店オススメのシンプルなパンツです！<br>
      <br>
      ジョガーパンツならではの裾が絞られたデザイン！<br>
      <br>

      <br>


●ご注意<br>
※お取り寄せ商品につき、注文確定後に<font color=""#ff0000"">7～10営業日以内の出荷</font>となります。<br>

※加工具合により掲載画像との誤差が見られる場合もございますので、ご了承ください。<br>

<br><STYLE type=""text/css"">
<!--
 
body{
	 
     background-image:url( https://image.rakuten.co.jp/bigbangfellas/cabinet/sidebanner004.jpg); 
     background-repeat:repeat-y; 
     background-position:left; 
} 



a:hover img{opacity:0.6;filter:alpha(opacity=60);-ms-filter: ""alpha( opacity=60 )"";}
-->
</STYLE>






<span style=""position:fixed; _position:absolute;  right:0; bottom:
100px;""><br>



<img src=""https://image.rakuten.co.jp/bigbangfellas/cabinet/set/cs-178-w11.jpg"" border=""0"" align=""bottom"" width=""100"" height=""100"">
</span>",【送料無料】メンズ カジュアル ジョガーパンツ チノパン ハーレム ボトムス 春 夏 秋 冬 キャメル ブラック ネイビー　カジュアル：メンズファッション BIGBANGFELLAS,【送料無料】メンズ カジュアル ジョガーパンツ チノパン ハーレム ボトムス 春 夏 秋 冬 キャメル ブラック ネイビー　カジュアル,メンズ カジュアル ジョガーパンツ ハーレム ボトムス。【送料無料】メンズ カジュアル ジョガーパンツ チノパン ハーレム ボトムス 春 夏 秋 冬 キャメル ブラック ネイビー　カジュアル[rn]
13-87951,http://tshop.r10s.jp/auc-swat/cabinet/item/buz/buz0500644.jpg?fitin=700:700,13440.0000,,メンズファッション > ズボン・パンツ,Buzz Rickson's（バズリクソンズ） USMC M-1942 カモフラージュ　ユーティリティパンツ　#BR41224,HBTリバーシブルダックハンターカモパンツ！,,Buzz Rickson's（バズリクソンズ） USMC M-1942 カモフラージュ　ユーティリティパンツ　#BR41224：スワット楽天市場店,中田商店SWATスワットミリタリーサバイバルゲームサバゲ福岡エアーソフトガンモデルガンSESSLERHELIKON-TEXBATESブーツBuzz RicksonサバゲーChampionBuzz Rickson's（バズリクソンズ） USMC M-1942 カモフラージュ　ユーティリティパンツ　#BR41224,HBTリバーシブルダックハンターカモパンツ！。Buzz Rickson's（バズリクソンズ） USMC M-1942 カモフラージュ　ユーティリティパンツ　#BR41224[rn]
13-87952,http://tshop.r10s.jp/auc-swat/cabinet/item/buz/buz0500643.jpg?fitin=700:700,13440.0000,,メンズファッション > ズボン・パンツ,Buzz Rickson's（バズリクソンズ） GOLD TIGER PANTS TYPE2（ゴールドタイガーパンツ　タイプ2）　#BR40877,NAM戦の代名詞！タイガーカモパンツ！,,Buzz Rickson's（バズリクソンズ） GOLD TIGER PANTS TYPE2（ゴールドタイガーパンツ　タイプ2）　#BR40877：スワット楽天市場店,中田商店SWATスワットミリタリーサバイバルゲームサバゲ福岡エアーソフトガンモデルガンSESSLERHELIKON-TEXBATESブーツBuzz RicksonサバゲーChampionBuzz Rickson's（バズリクソンズ） GOLD TIGER PANTS TYPE2（ゴールドタイガーパンツ　タイプ2）　#BR40877,NAM戦の代名詞！タイガーカモパンツ！。Buzz Rickson's（バズリクソンズ） GOLD TIGER PANTS TYPE2（ゴールドタイガーパンツ　タイプ2）　#BR40877[rn]
13-87953,http://tshop.r10s.jp/auc-swat/cabinet/item/buz/buz0500742_001.jpg?fitin=700:700,7840.0000,,メンズファッション > ズボン・パンツ,Buzz Rickson's（バズリクソンズ） OLIGINAL SPEC. CHINOS チノパン BR40025A,BUZZ/バズリクソンズ/チノパン/オリジナル,,Buzz Rickson's（バズリクソンズ） OLIGINAL SPEC. CHINOS チノパン BR40025A：スワット楽天市場店,中田商店SWATスワットミリタリーサバイバルゲームサバゲ福岡エアーソフトガンモデルガンSESSLERHELIKON-TEXBATESブーツBuzz RicksonサバゲーChampionBuzz Rickson's（バズリクソンズ） OLIGINAL SPEC. CHINOS チノパン BR40025A,BUZZ/バズリクソンズ/チノパン/オリジナル。Buzz Rickson's（バズリクソンズ） OLIGINAL SPEC. CHINOS チノパン BR40025A[rn]
13-87954,http://tshop.r10s.jp/auc-swat/cabinet/item/buz/buz0500645.jpg?fitin=700:700,11040.0000,,メンズファッション > ズボン・パンツ,Buzz Rickson's（バズリクソンズ） U.S.ARMY WW2 M-1942 HBT TROUSERS　#BR41110,U.S.ARMY HBTパンツ大戦モデル！,,Buzz Rickson's（バズリクソンズ） U.S.ARMY WW2 M-1942 HBT TROUSERS　#BR41110：スワット楽天市場店,中田商店SWATスワットミリタリーサバイバルゲームサバゲ福岡エアーソフトガンモデルガンSESSLERHELIKON-TEXBATESブーツBuzz RicksonサバゲーChampionBuzz Rickson's（バズリクソンズ） U.S.ARMY WW2 M-1942 HBT TROUSERS　#BR41110,U.S.ARMY HBTパンツ大戦モデル！。Buzz Rickson's（バズリクソンズ） U.S.ARMY WW2 M-1942 HBT TROUSERS　#BR41110[rn]
13-87955,http://tshop.r10s.jp/auc-swat/cabinet/item/bs/bs0501463_001.jpg?fitin=700:700,6320.0000,,メンズファッション > ズボン・パンツ,BIG SMITH（ビッグ スミス） ベイカーパンツ BAKER PANTS BSM-245,ビッグスミス/日本製/ボトムス/ストレッチ/ミリタリー/カモ,,BIG SMITH（ビッグ スミス） ベイカーパンツ BAKER PANTS BSM-245：スワット楽天市場店,中田商店SWATスワットミリタリーサバイバルゲームサバゲ福岡エアーソフトガンモデルガンSESSLERHELIKON-TEXBATESブーツBuzz RicksonサバゲーChampionBIG SMITH（ビッグ スミス） ベイカーパンツ BAKER PANTS BSM-245,ビッグスミス/日本製/ボトムス/ストレッチ/ミリタリー/カモ。BIG SMITH（ビッグ スミス） ベイカーパンツ BAKER PANTS BSM-245[rn]
13-87956,http://tshop.r10s.jp/mix/cabinet/gramicci/grc-0816-noj.jpg?fitin=700:700,8640.0000,,メンズファッション > ズボン・パンツ,グラミチ GRAMICCI NNパンツ 0816-NOJ 【ボトムス ロングパンツ ニューナローパンツ クライミングパンツ ズボン メンズ 男性用 |TP10 |送料無料】|お買い物マラソン,グラミチ Gramicci NN-パンツ クライミングパンツ,"<FONT color=""gray""><B>-EVIDENCE-</B></FONT><BR>
<FONT color=""gray"" size=""2"">メーカー希望小売価格はメーカー商品タグに基づいて掲載しています</FONT>
<BR><BR>【あす楽】【あす楽_土曜営業】<BR>",グラミチ GRAMICCI NNパンツ 0816-NOJ 【ボトムス ロングパンツ ニューナローパンツ クライミングパンツ ズボン メンズ 男性用 |TP10 |送料無料】|お買い物マラソン：トレッキングとアウトドアのMIXX,MIXX（ミックス）ノースフェイス(THE NORTH FACE)マムート(MAMMUT)モンベル(MONT・BELL)ホグロフス(HAGLOFS)MOUNTAIN HARDWEAR・マウンテンハードウエアパタゴニア(PATAGONIA)グラミチ(GRAMICCI)ダナー(DANNER)ショット(SCHOTT)フレッドペリー(FRED PERRY)ワイルドシングス(WILD THINGS)MERRELL・メレルKEEN・キーンSOREL・ソレルSUUNTO・スントMYSTERY RANCH・ミステリーランチMANHATTAN PORTAGE・マンハッタンポーテージHELINOX・ヘリノックスCHAMPION・チャンピオングラミチ GRAMICCI NNパンツ 0816-NOJ 【ボトムス ロングパンツ ニューナローパンツ クライミングパンツ ズボン メンズ 男性用 |TP10 |送料無料】|お買い物マラソン,グラミチ Gramicci NN-パンツ クライミングパンツ。グラミチ GRAMICCI NNパンツ 0816-NOJ 【ボトムス ロングパンツ ニューナローパンツ クライミングパンツ ズボン メンズ 男性用 |TP10 |送料無料】|お買い物マラソン[rn]
13-87957,http://tshop.r10s.jp/mix/cabinet/gramicci/grc-0801-noj-1.jpg?fitin=700:700,8640.0000,,メンズファッション > ズボン・パンツ,グラミチ GRAMICCI ナローパンツ 0801-NOJ 【ストレッチ クライミングパンツ パンツ |TP10】|お買い物マラソン,グラミチ Gramicci ナローパンツ クライミングパンツ,"【 Gramicci ナローパンツ 0801-NOJ クライミングパンツ パンツ ストレッチ】<BR>

<FONT color=""gray""><B>-EVIDENCE-</B></FONT><BR>
<FONT color=""gray"" size=""2"">メーカー希望小売価格はメーカー商品タグに基づいて掲載しています</FONT>
<BR><BR>【あす楽】【あす楽_土曜営業】<BR>",グラミチ GRAMICCI ナローパンツ 0801-NOJ 【ストレッチ クライミングパンツ パンツ |TP10】|お買い物マラソン：トレッキングとアウトドアのMIXX,MIXX（ミックス）ノースフェイス(THE NORTH FACE)マムート(MAMMUT)モンベル(MONT・BELL)ホグロフス(HAGLOFS)MOUNTAIN HARDWEAR・マウンテンハードウエアパタゴニア(PATAGONIA)グラミチ(GRAMICCI)ダナー(DANNER)ショット(SCHOTT)フレッドペリー(FRED PERRY)ワイルドシングス(WILD THINGS)MERRELL・メレルKEEN・キーンSOREL・ソレルSUUNTO・スントMYSTERY RANCH・ミステリーランチMANHATTAN PORTAGE・マンハッタンポーテージHELINOX・ヘリノックスCHAMPION・チャンピオングラミチ GRAMICCI ナローパンツ 0801-NOJ 【ストレッチ クライミングパンツ パンツ |TP10】|お買い物マラソン,グラミチ Gramicci ナローパンツ クライミングパンツ。グラミチ GRAMICCI ナローパンツ 0801-NOJ 【ストレッチ クライミングパンツ パンツ |TP10】|お買い物マラソン[rn]
13-87958,http://tshop.r10s.jp/mix/cabinet/gramicci/grc-0820-noj-1.jpg?fitin=700:700,9331.2000,,メンズファッション > ズボン・パンツ,グラミチ GRAMICCI クロップド パンツ 0820-NOJ  【クライミングパンツ 七部丈 パンツ CROPPED PANTS |TP10】|お買い物マラソン,グラミチ Gramicci クロップドパンツ,"<FONT color=""gray""><B>-EVIDENCE-</B></FONT><BR>
<FONT color=""gray"" size=""2"">メーカー希望小売価格はメーカー商品タグに基づいて掲載しています</FONT>
<BR><BR>【あす楽】【あす楽_土曜営業】<BR>",グラミチ GRAMICCI クロップド パンツ 0820-NOJ  【クライミングパンツ 七部丈 パンツ CROPPED PANTS |TP10】|お買い物マラソン：トレッキングとアウトドアのMIXX,MIXX（ミックス）ノースフェイス(THE NORTH FACE)マムート(MAMMUT)モンベル(MONT・BELL)ホグロフス(HAGLOFS)MOUNTAIN HARDWEAR・マウンテンハードウエアパタゴニア(PATAGONIA)グラミチ(GRAMICCI)ダナー(DANNER)ショット(SCHOTT)フレッドペリー(FRED PERRY)ワイルドシングス(WILD THINGS)MERRELL・メレルKEEN・キーンSOREL・ソレルSUUNTO・スントMYSTERY RANCH・ミステリーランチMANHATTAN PORTAGE・マンハッタンポーテージHELINOX・ヘリノックスCHAMPION・チャンピオングラミチ GRAMICCI クロップド パンツ 0820-NOJ  【クライミングパンツ 七部丈 パンツ CROPPED PANTS |TP10】|お買い物マラソン,グラミチ Gramicci クロップドパンツ。グラミチ GRAMICCI クロップド パンツ 0820-NOJ  【クライミングパンツ 七部丈 パンツ CROPPED PANTS |TP10】|お買い物マラソン[rn]
13-87959,http://tshop.r10s.jp/mix/cabinet/avirex/avx-6143506-1.jpg?fitin=700:700,1900.8000,,メンズファッション > ズボン・パンツ,アビレックス AVIREX メンズ デイリー Uネック 半袖 Tシャツ 6143506 【Tシャツ 半袖 MEN'S S/S U-NECK TEE |TP05】|お買い物マラソン,アビレックス AVIREX,"<FONT color=""gray""><B>-EVIDENCE-</B></FONT><BR>
<FONT color=""gray"" size=""2"">メーカー希望小売価格はメーカーサイトに基づいて掲載しています</FONT>
<BR><BR>【あす楽】【あす楽_土曜営業】<BR>",アビレックス AVIREX メンズ デイリー Uネック 半袖 Tシャツ 6143506 【Tシャツ 半袖 MEN'S S/S U-NECK TEE |TP05】|お買い物マラソン：トレッキングとアウトドアのMIXX,MIXX（ミックス）ノースフェイス(THE NORTH FACE)マムート(MAMMUT)モンベル(MONT・BELL)ホグロフス(HAGLOFS)MOUNTAIN HARDWEAR・マウンテンハードウエアパタゴニア(PATAGONIA)グラミチ(GRAMICCI)ダナー(DANNER)ショット(SCHOTT)フレッドペリー(FRED PERRY)ワイルドシングス(WILD THINGS)MERRELL・メレルKEEN・キーンSOREL・ソレルSUUNTO・スントMYSTERY RANCH・ミステリーランチMANHATTAN PORTAGE・マンハッタンポーテージHELINOX・ヘリノックスCHAMPION・チャンピオンアビレックス AVIREX メンズ デイリー Uネック 半袖 Tシャツ 6143506 【Tシャツ 半袖 MEN'S S/S U-NECK TEE |TP05】|お買い物マラソン,アビレックス AVIREX。アビレックス AVIREX メンズ デイリー Uネック 半袖 Tシャツ 6143506 【Tシャツ 半袖 MEN'S S/S U-NECK TEE |TP05】|お買い物マラソン[rn]
13-87960,http://tshop.r10s.jp/mix/cabinet/avirex/avx-buaerosrt-1.jpg?fitin=700:700,5961.6000,,メンズファッション > ズボン・パンツ,アビレックス AVIREX メンズ エアロ ショートパンツ 6166120 6166121 【カーゴパンツ ハーフパンツ ヒップポケット ロゴ ミリタリーパンツ 米軍 |TP05】|お買い物マラソン,アビレックス AVIREX メンズ エアロ ショート パンツ,"<FONT color=""gray""><B>-EVIDENCE-</B></FONT><BR>
<FONT color=""gray"" size=""2"">メーカー希望小売価格はメーカーサイトに基づいて掲載しています</FONT><BR><BR>",アビレックス AVIREX メンズ エアロ ショートパンツ 6166120 6166121 【カーゴパンツ ハーフパンツ ヒップポケット ロゴ ミリタリーパンツ 米軍 |TP05】|お買い物マラソン：トレッキングとアウトドアのMIXX,MIXX（ミックス）ノースフェイス(THE NORTH FACE)マムート(MAMMUT)モンベル(MONT・BELL)ホグロフス(HAGLOFS)MOUNTAIN HARDWEAR・マウンテンハードウエアパタゴニア(PATAGONIA)グラミチ(GRAMICCI)ダナー(DANNER)ショット(SCHOTT)フレッドペリー(FRED PERRY)ワイルドシングス(WILD THINGS)MERRELL・メレルKEEN・キーンSOREL・ソレルSUUNTO・スントMYSTERY RANCH・ミステリーランチMANHATTAN PORTAGE・マンハッタンポーテージHELINOX・ヘリノックスCHAMPION・チャンピオンアビレックス AVIREX メンズ エアロ ショートパンツ 6166120 6166121 【カーゴパンツ ハーフパンツ ヒップポケット ロゴ ミリタリーパンツ 米軍 |TP05】|お買い物マラソン,アビレックス AVIREX メンズ エアロ ショート パンツ。アビレックス AVIREX メンズ エアロ ショートパンツ 6166120 6166121 【カーゴパンツ ハーフパンツ ヒップポケット ロゴ ミリタリーパンツ 米軍 |TP05】|お買い物マラソン[rn]
13-87961,http://tshop.r10s.jp/mix/cabinet/avirex/avx-buaerocpd-1.jpg?fitin=700:700,6566.4000,,メンズファッション > ズボン・パンツ,アビレックス AVIREX メンズ エアロ クロップドパンツ 6166116 6166117 【カーゴパンツ 7分丈パンツ ヒップポケット ロゴ ミリタリーパンツ 米軍 |TP05】|お買い物マラソン,アビレックス メンズ エアロ クロップドパンツ 7分丈パンツ,"<FONT color=""gray""><B>-EVIDENCE-</B></FONT><BR>
<FONT color=""gray"" size=""2"">メーカー希望小売価格はメーカーサイトに基づいて掲載しています</FONT><BR><BR>",アビレックス AVIREX メンズ エアロ クロップドパンツ 6166116 6166117 【カーゴパンツ 7分丈パンツ ヒップポケット ロゴ ミリタリーパンツ 米軍 |TP05】|お買い物マラソン：トレッキングとアウトドアのMIXX,MIXX（ミックス）ノースフェイス(THE NORTH FACE)マムート(MAMMUT)モンベル(MONT・BELL)ホグロフス(HAGLOFS)MOUNTAIN HARDWEAR・マウンテンハードウエアパタゴニア(PATAGONIA)グラミチ(GRAMICCI)ダナー(DANNER)ショット(SCHOTT)フレッドペリー(FRED PERRY)ワイルドシングス(WILD THINGS)MERRELL・メレルKEEN・キーンSOREL・ソレルSUUNTO・スントMYSTERY RANCH・ミステリーランチMANHATTAN PORTAGE・マンハッタンポーテージHELINOX・ヘリノックスCHAMPION・チャンピオンアビレックス AVIREX メンズ エアロ クロップドパンツ 6166116 6166117 【カーゴパンツ 7分丈パンツ ヒップポケット ロゴ ミリタリーパンツ 米軍 |TP05】|お買い物マラソン,アビレックス メンズ エアロ クロップドパンツ 7分丈パンツ。アビレックス AVIREX メンズ エアロ クロップドパンツ 6166116 6166117 【カーゴパンツ 7分丈パンツ ヒップポケット ロゴ ミリタリーパンツ 米軍 |TP05】|お買い物マラソン[rn]
13-87962,http://tshop.r10s.jp/mix/cabinet/avirex/avx-fatiguesrt-1.jpg?fitin=700:700,5961.6000,,メンズファッション > ズボン・パンツ,アビレックス AVIREX メンズ ファティーグ ショーツ 6166118 6166119 【6ポケットパンツ カーゴパンツ ハーフパンツ ミリタリーパンツ 米軍 |TP05】|お買い物マラソン,アビレックス メンズ ファティーグ ショーツ ハーフパンツ,"<FONT color=""gray""><B>-EVIDENCE-</B></FONT><BR>
<FONT color=""gray"" size=""2"">メーカー希望小売価格はメーカーサイトに基づいて掲載しています</FONT><BR><BR>",アビレックス AVIREX メンズ ファティーグ ショーツ 6166118 6166119 【6ポケットパンツ カーゴパンツ ハーフパンツ ミリタリーパンツ 米軍 |TP05】|お買い物マラソン：トレッキングとアウトドアのMIXX,MIXX（ミックス）ノースフェイス(THE NORTH FACE)マムート(MAMMUT)モンベル(MONT・BELL)ホグロフス(HAGLOFS)MOUNTAIN HARDWEAR・マウンテンハードウエアパタゴニア(PATAGONIA)グラミチ(GRAMICCI)ダナー(DANNER)ショット(SCHOTT)フレッドペリー(FRED PERRY)ワイルドシングス(WILD THINGS)MERRELL・メレルKEEN・キーンSOREL・ソレルSUUNTO・スントMYSTERY RANCH・ミステリーランチMANHATTAN PORTAGE・マンハッタンポーテージHELINOX・ヘリノックスCHAMPION・チャンピオンアビレックス AVIREX メンズ ファティーグ ショーツ 6166118 6166119 【6ポケットパンツ カーゴパンツ ハーフパンツ ミリタリーパンツ 米軍 |TP05】|お買い物マラソン,アビレックス メンズ ファティーグ ショーツ ハーフパンツ。アビレックス AVIREX メンズ ファティーグ ショーツ 6166118 6166119 【6ポケットパンツ カーゴパンツ ハーフパンツ ミリタリーパンツ 米軍 |TP05】|お買い物マラソン[rn]
13-87963,http://tshop.r10s.jp/mix/cabinet/avirex/avx-fatiguecpd-1.jpg?fitin=700:700,6566.4000,,メンズファッション > ズボン・パンツ,アビレックス AVIREX メンズ ファティーグ クロップドパンツ 6166114 6166115 【6ポケットパンツ カーゴパンツ 7分丈パンツ ミリタリーパンツ 米軍 |TP05】|お買い物マラソン,アビレックス メンズ ファティーグ クロップドパンツ 7分丈,"<FONT color=""gray""><B>-EVIDENCE-</B></FONT><BR>
<FONT color=""gray"" size=""2"">メーカー希望小売価格はメーカーサイトに基づいて掲載しています</FONT><BR><BR>",アビレックス AVIREX メンズ ファティーグ クロップドパンツ 6166114 6166115 【6ポケットパンツ カーゴパンツ 7分丈パンツ ミリタリーパンツ 米軍 |TP05】|お買い物マラソン：トレッキングとアウトドアのMIXX,MIXX（ミックス）ノースフェイス(THE NORTH FACE)マムート(MAMMUT)モンベル(MONT・BELL)ホグロフス(HAGLOFS)MOUNTAIN HARDWEAR・マウンテンハードウエアパタゴニア(PATAGONIA)グラミチ(GRAMICCI)ダナー(DANNER)ショット(SCHOTT)フレッドペリー(FRED PERRY)ワイルドシングス(WILD THINGS)MERRELL・メレルKEEN・キーンSOREL・ソレルSUUNTO・スントMYSTERY RANCH・ミステリーランチMANHATTAN PORTAGE・マンハッタンポーテージHELINOX・ヘリノックスCHAMPION・チャンピオンアビレックス AVIREX メンズ ファティーグ クロップドパンツ 6166114 6166115 【6ポケットパンツ カーゴパンツ 7分丈パンツ ミリタリーパンツ 米軍 |TP05】|お買い物マラソン,アビレックス メンズ ファティーグ クロップドパンツ 7分丈。アビレックス AVIREX メンズ ファティーグ クロップドパンツ 6166114 6166115 【6ポケットパンツ カーゴパンツ 7分丈パンツ ミリタリーパンツ 米軍 |TP05】|お買い物マラソン[rn]
13-87964,http://tshop.r10s.jp/mix/cabinet/avirex/avx-buaero-1.jpg?fitin=700:700,7689.6000,,メンズファッション > ズボン・パンツ,アビレックス AVIREX メンズ BU-エアロ パンツ 6166112 6166113 【カーゴパンツ ロングパンツ ミリタリーパンツ 米軍 |TP05】|お買い物マラソン,アビレックス AVIREX メンズ BU-エアロ パンツ カーゴパンツ,"<FONT color=""gray""><B>-EVIDENCE-</B></FONT><BR>
<FONT color=""gray"" size=""2"">メーカー希望小売価格はメーカーサイトに基づいて掲載しています</FONT><BR><BR>",アビレックス AVIREX メンズ BU-エアロ パンツ 6166112 6166113 【カーゴパンツ ロングパンツ ミリタリーパンツ 米軍 |TP05】|お買い物マラソン：トレッキングとアウトドアのMIXX,MIXX（ミックス）ノースフェイス(THE NORTH FACE)マムート(MAMMUT)モンベル(MONT・BELL)ホグロフス(HAGLOFS)MOUNTAIN HARDWEAR・マウンテンハードウエアパタゴニア(PATAGONIA)グラミチ(GRAMICCI)ダナー(DANNER)ショット(SCHOTT)フレッドペリー(FRED PERRY)ワイルドシングス(WILD THINGS)MERRELL・メレルKEEN・キーンSOREL・ソレルSUUNTO・スントMYSTERY RANCH・ミステリーランチMANHATTAN PORTAGE・マンハッタンポーテージHELINOX・ヘリノックスCHAMPION・チャンピオンアビレックス AVIREX メンズ BU-エアロ パンツ 6166112 6166113 【カーゴパンツ ロングパンツ ミリタリーパンツ 米軍 |TP05】|お買い物マラソン,アビレックス AVIREX メンズ BU-エアロ パンツ カーゴパンツ。アビレックス AVIREX メンズ BU-エアロ パンツ 6166112 6166113 【カーゴパンツ ロングパンツ ミリタリーパンツ 米軍 |TP05】|お買い物マラソン[rn]
13-87965,http://tshop.r10s.jp/mix/cabinet/gramicci/grc-0657-56j-1.jpg?fitin=700:700,7603.2000,,メンズファッション > ズボン・パンツ,グラミチパンツ 0657-56J 【GRAMICCI グラミチパンツ クライミングパンツ パンツ 男性用 女性用 イージーパンツ |大きいサイズ |TP10】|お買い物マラソン,グラミチ Gramicci グラミチパンツ クライミングパンツ,"<FONT color=""gray""><B>-EVIDENCE-</B></FONT><BR>
<FONT color=""gray"" size=""2"">メーカー希望小売価格はメーカー商品タグに基づいて掲載しています</FONT>
<BR><BR>【あす楽】【あす楽_土曜営業】<BR>",グラミチパンツ 0657-56J 【GRAMICCI グラミチパンツ クライミングパンツ パンツ 男性用 女性用 イージーパンツ |大きいサイズ |TP10】|お買い物マラソン：トレッキングとアウトドアのMIXX,MIXX（ミックス）ノースフェイス(THE NORTH FACE)マムート(MAMMUT)モンベル(MONT・BELL)ホグロフス(HAGLOFS)MOUNTAIN HARDWEAR・マウンテンハードウエアパタゴニア(PATAGONIA)グラミチ(GRAMICCI)ダナー(DANNER)ショット(SCHOTT)フレッドペリー(FRED PERRY)ワイルドシングス(WILD THINGS)MERRELL・メレルKEEN・キーンSOREL・ソレルSUUNTO・スントMYSTERY RANCH・ミステリーランチMANHATTAN PORTAGE・マンハッタンポーテージHELINOX・ヘリノックスCHAMPION・チャンピオングラミチパンツ 0657-56J 【GRAMICCI グラミチパンツ クライミングパンツ パンツ 男性用 女性用 イージーパンツ |大きいサイズ |TP10】|お買い物マラソン,グラミチ Gramicci グラミチパンツ クライミングパンツ。グラミチパンツ 0657-56J 【GRAMICCI グラミチパンツ クライミングパンツ パンツ 男性用 女性用 イージーパンツ |大きいサイズ |TP10】|お買い物マラソン[rn]
13-87966,http://tshop.r10s.jp/mix/cabinet/avirex/avx-6656019-1.jpg?fitin=700:700,12787.2000,,メンズファッション > ズボン・パンツ,アビレックス AVIREX メンズ PDW カーゴ パンツ モディファイド 2ND 6656019 【ミリタリーパンツ ボトムス ロングパンツ 迷彩 男性用 |大きいサイズ|TP05|送料無料】|お買い物マラソン,アビレックス AVIREX カーゴパンツ,"<FONT color=""gray""><B>-EVIDENCE-</B></FONT><BR>
<FONT color=""gray"" size=""2"">メーカー希望小売価格はメーカーサイトに基づいて掲載しています</FONT>
<BR><BR>【あす楽】【あす楽_土曜営業】<BR>",アビレックス AVIREX メンズ PDW カーゴ パンツ モディファイド 2ND 6656019 【ミリタリーパンツ ボトムス ロングパンツ 迷彩 男性用 |大きいサイズ|TP05|送料無料】|お買い物マラソン：トレッキングとアウトドアのMIXX,MIXX（ミックス）ノースフェイス(THE NORTH FACE)マムート(MAMMUT)モンベル(MONT・BELL)ホグロフス(HAGLOFS)MOUNTAIN HARDWEAR・マウンテンハードウエアパタゴニア(PATAGONIA)グラミチ(GRAMICCI)ダナー(DANNER)ショット(SCHOTT)フレッドペリー(FRED PERRY)ワイルドシングス(WILD THINGS)MERRELL・メレルKEEN・キーンSOREL・ソレルSUUNTO・スントMYSTERY RANCH・ミステリーランチMANHATTAN PORTAGE・マンハッタンポーテージHELINOX・ヘリノックスCHAMPION・チャンピオンアビレックス AVIREX メンズ PDW カーゴ パンツ モディファイド 2ND 6656019 【ミリタリーパンツ ボトムス ロングパンツ 迷彩 男性用 |大きいサイズ|TP05|送料無料】|お買い物マラソン,アビレックス AVIREX カーゴパンツ。アビレックス AVIREX メンズ PDW カーゴ パンツ モディファイド 2ND 6656019 【ミリタリーパンツ ボトムス ロングパンツ 迷彩 男性用 |大きいサイズ|TP05|送料無料】|お買い物マラソン[rn]
13-87967,http://tshop.r10s.jp/mix/cabinet/gramicci/grc-mso111756jr.jpg?fitin=700:700,4700.0000,,メンズファッション > ズボン・パンツ,グラミチ GRAMICCI ショートパンツ 1117-56J 【ハーフパンツ  レディース メンズ クライミングショーツ |大きいサイズ|セール】|お買い物マラソン,グラミチ Gramicci ショートパンツ,"<FONT color=""gray""><B>-EVIDENCE-</B></FONT><BR>
<FONT color=""gray"" size=""2"">メーカー希望小売価格はメーカー商品タグに基づいて掲載しています</FONT><BR>【あす楽】【あす楽_土曜営業】 <BR>",グラミチ GRAMICCI ショートパンツ 1117-56J 【ハーフパンツ  レディース メンズ クライミングショーツ |大きいサイズ|セール】|お買い物マラソン：トレッキングとアウトドアのMIXX,MIXX（ミックス）ノースフェイス(THE NORTH FACE)マムート(MAMMUT)モンベル(MONT・BELL)ホグロフス(HAGLOFS)MOUNTAIN HARDWEAR・マウンテンハードウエアパタゴニア(PATAGONIA)グラミチ(GRAMICCI)ダナー(DANNER)ショット(SCHOTT)フレッドペリー(FRED PERRY)ワイルドシングス(WILD THINGS)MERRELL・メレルKEEN・キーンSOREL・ソレルSUUNTO・スントMYSTERY RANCH・ミステリーランチMANHATTAN PORTAGE・マンハッタンポーテージHELINOX・ヘリノックスCHAMPION・チャンピオングラミチ GRAMICCI ショートパンツ 1117-56J 【ハーフパンツ  レディース メンズ クライミングショーツ |大きいサイズ|セール】|お買い物マラソン,グラミチ Gramicci ショートパンツ。グラミチ GRAMICCI ショートパンツ 1117-56J 【ハーフパンツ  レディース メンズ クライミングショーツ |大きいサイズ|セール】|お買い物マラソン[rn]
13-87968,http://tshop.r10s.jp/mix/cabinet/gramicci/grc-1245-nojr.jpg?fitin=700:700,5391.2000,,メンズファッション > ズボン・パンツ,グラミチ NN ショーツ 1245-NOJ 【GRAMICCI ショートパンツ クライミングショーツ ハーフパンツ メンズ レディース ナローショーツ |セール】|お買い物マラソン,グラミチ Gramicci ショートパンツ シューツ　ハーフパンツ,"<FONT color=""gray""><B>-EVIDENCE-</B></FONT><BR>
<FONT color=""gray"" size=""2"">メーカー希望小売価格はメーカー商品タグに基づいて掲載しています</FONT><BR>
【あす楽】【あす楽_土曜営業】<BR>",グラミチ NN ショーツ 1245-NOJ 【GRAMICCI ショートパンツ クライミングショーツ ハーフパンツ メンズ レディース ナローショーツ |セール】|お買い物マラソン：トレッキングとアウトドアのMIXX,MIXX（ミックス）ノースフェイス(THE NORTH FACE)マムート(MAMMUT)モンベル(MONT・BELL)ホグロフス(HAGLOFS)MOUNTAIN HARDWEAR・マウンテンハードウエアパタゴニア(PATAGONIA)グラミチ(GRAMICCI)ダナー(DANNER)ショット(SCHOTT)フレッドペリー(FRED PERRY)ワイルドシングス(WILD THINGS)MERRELL・メレルKEEN・キーンSOREL・ソレルSUUNTO・スントMYSTERY RANCH・ミステリーランチMANHATTAN PORTAGE・マンハッタンポーテージHELINOX・ヘリノックスCHAMPION・チャンピオングラミチ NN ショーツ 1245-NOJ 【GRAMICCI ショートパンツ クライミングショーツ ハーフパンツ メンズ レディース ナローショーツ |セール】|お買い物マラソン,グラミチ Gramicci ショートパンツ シューツ　ハーフパンツ。グラミチ NN ショーツ 1245-NOJ 【GRAMICCI ショートパンツ クライミングショーツ ハーフパンツ メンズ レディース ナローショーツ |セール】|お買い物マラソン[rn]
13-87969,http://tshop.r10s.jp/mix/cabinet/gramicci/grc-gmp-17s034-1.jpg?fitin=700:700,9331.2000,,メンズファッション > ズボン・パンツ,グラミチ Gramicci メンズ ウェザー NN クロップドパンツ GMP-17S034 【ロングパンツ パンツ ニューナロー 7分丈 クライミングパンツ スリムパンツ |TP10】|お買い物マラソン,グラミチ Gramicci メンズ ウェザー NN クロップドパンツ パンツ,"<FONT color=""gray""><B>-EVIDENCE-</B></FONT><BR>
<FONT color=""gray"" size=""2"">メーカー希望小売価格はメーカー商品タグに基づいて掲載しています</FONT>
<BR><BR>【あす楽】【あす楽_土曜営業】<BR>",グラミチ Gramicci メンズ ウェザー NN クロップドパンツ GMP-17S034 【ロングパンツ パンツ ニューナロー 7分丈 クライミングパンツ スリムパンツ |TP10】|お買い物マラソン：トレッキングとアウトドアのMIXX,MIXX（ミックス）ノースフェイス(THE NORTH FACE)マムート(MAMMUT)モンベル(MONT・BELL)ホグロフス(HAGLOFS)MOUNTAIN HARDWEAR・マウンテンハードウエアパタゴニア(PATAGONIA)グラミチ(GRAMICCI)ダナー(DANNER)ショット(SCHOTT)フレッドペリー(FRED PERRY)ワイルドシングス(WILD THINGS)MERRELL・メレルKEEN・キーンSOREL・ソレルSUUNTO・スントMYSTERY RANCH・ミステリーランチMANHATTAN PORTAGE・マンハッタンポーテージHELINOX・ヘリノックスCHAMPION・チャンピオングラミチ Gramicci メンズ ウェザー NN クロップドパンツ GMP-17S034 【ロングパンツ パンツ ニューナロー 7分丈 クライミングパンツ スリムパンツ |TP10】|お買い物マラソン,グラミチ Gramicci メンズ ウェザー NN クロップドパンツ パンツ。グラミチ Gramicci メンズ ウェザー NN クロップドパンツ GMP-17S034 【ロングパンツ パンツ ニューナロー 7分丈 クライミングパンツ スリムパンツ |TP10】|お買い物マラソン[rn]
